 14 7182.006157 1.521E-29 7.799E-04.08320.351  841.36750.790.013630          1 3 0          0 0 0 10  4  6        9  3  7      2622205141 7833348   126.0  114.0
 12 7182.093229 9.106E-24 1.459E+01.10300.456   69.92740.73-.010480          1 0 1          0 0 0  1  0  1        2  0  2      575581807267712452     3.0    5.0
 11 7182.150522 2.557E-26 2.366E-02.07870.298 1616.45310.71-.018150          1 0 1          0 0 0  9  6  3       10  4  6      464223807294713152    19.0   21.0
 13 7182.155600 1.550E-27 6.547E-01.06130.333 1251.29140.56-.008610          0 2 1          0 0 0  9  5  4        8  5  3      435253607094713152   114.0  102.0
 11 7182.155675 1.358E-23 1.797E-02.09050.412  382.51690.71-.015570          1 0 1          0 0 0  5  1  5        4  3  2      464223307294713152    33.0   27.0
 11 7182.158727 7.791E-27 4.885E-02.05020.265 2275.37290.49-.022160          1 0 1          0 0 0 11  7  5       12  5  8      434223807294713152    69.0   75.0
 11 7182.208851 1.580E-21 1.468E+00.10700.375   42.37170.81-.011440          2 0 0          0 0 0  1  0  1        1  1  0      755820306379491549     9.0    9.0
 14 7182.216161 1.221E-28 1.671E+00.08450.394 1892.08300.79-.008700          0 1 2          0 1 0  6  3  4        6  3  3      4622235041 88333 7    78.0   78.0
 13 7182.282000 1.090E-28 1.417E-03.08920.391  607.39770.71-.007830          0 5 0          0 0 0  4  1  4        5  4  1      435253607094713152   162.0  198.0
 11 7182.341777 1.311E-27 1.058E-04.08000.298 1114.53230.710.005780          0 2 1          0 0 0  9  4  5       10  0 10      434223807294713152    19.0   21.0
 11 7182.396695 2.650E-29 9.561E-01.09030.371 3713.08250.72-.005920          2 2 0          0 2 0  6  2  4        6  1  5      334223807294713152    13.0   13.0
 11 7182.425525 4.160E-30 5.862E-02.05730.250 3654.21500.57-.022410          2 1 0          0 1 0 12  3  9       13  2 12      332230807294713152    25.0   27.0
 13 7182.430500 1.110E-26 4.119E-01.08550.352  928.29600.73-.014100          0 0 2          0 0 0  7  1  6        7  4  3      436253607060713049   270.0  270.0
 11 7182.438582 8.929E-30 9.105E-02.07220.265 3587.66660.690.019770          1 3 0          0 1 0 12  5  7       12  2 10      332230807294713152    25.0   25.0
 11 7182.451200 1.720E-24 4.352E-02.08220.315 1079.07960.70-.002880          1 0 1          0 0 0  8  3  5        9  1  8      454223796794713152    51.0   57.0
 11 7182.481346 8.534E-28 2.366E-05.07860.352  816.69420.71-.004570          1 2 0          0 0 0  6  6  0        7  3  5      434223807294713152    13.0   15.0
 13 7182.502700 4.770E-27 6.200E-02.07700.391  607.39770.65-.010410          0 0 2          0 0 0  4  3  2        5  4  1      436253607060713049   162.0  198.0
 11 7182.519010 2.242E-28 5.527E-03.05020.221 2631.26880.600.002610          0 1 1          0 0 0 16  9  7       15  1 14      334233807294713152    99.0   93.0
 11 7182.522419 1.012E-26 7.485E-01.01190.221 2631.2834-.13-.015420          0 2 1          0 0 0 16  2 15       15  2 14      334223807294713152    33.0   31.0
 11 7182.522543 2.504E-27 1.535E-01.04470.298 2705.13960.38-.023380          0 1 2          0 1 0  9  0  9       10  1 10      334223807294713152    57.0   63.0
 11 7182.531340 4.340E-25 3.761E+00.09460.412 1922.90110.73-.009620          1 1 1          0 1 0  4  2  3        4  2  2      454223796794713152     9.0    9.0
 11 7182.533476 1.744E-30 2.793E-02.03700.235 3922.33040.53-.034460          1 0 1          0 0 0 13 12  2       14 10  5      332230807294713152    81.0   87.0
 11 7182.543079 1.575E-29 1.154E-07.07810.371  542.90580.670.000000          2 0 0          0 0 0  6  1  5        6  1  5     q7222308079917122 0    13.0   13.0
 11 7182.652541 8.403E-28 1.545E-01.04480.298 2705.09690.38-.023300          0 1 2          0 1 0  9  1  9       10  0 10      334223807294713152    19.0   21.0
 11 7182.735798 1.354E-29 1.382E-01.10430.504 3151.62990.75-.000640          0 7 0          0 2 0  1  1  1        0  0  0      3342238072947131 7     3.0    1.0
 11 7182.744165 7.417E-28 1.503E-02.06170.250 2533.79320.56-.006820          2 0 0          0 0 0 12  7  6       13  4  9      334223807260713049    75.0   81.0
 12 7182.775989 2.646E-28 6.185E-03.07430.352 1204.17480.68-.012020          0 0 2          0 0 0  8  3  6        7  6  1      544233807260713049    51.0   45.0
 11 7182.904004 3.771E-30 1.323E-07.06460.315  920.21000.600.000000          1 0 1          0 0 0  8  2  7        9  1  9     q4222308079917122 0    17.0   19.0
 11 7182.949535 3.770E-21 1.025E+01.09700.464  142.27850.91-.009960          1 0 1          0 0 0  2  1  2        3  1  3      456820306367492452     5.0    7.0
 12 7182.965827 1.371E-28 1.158E-01.09810.434 1811.29060.74-.014520          1 1 1          0 1 0  4  0  4        3  2  1      534233807294713152    27.0   21.0
 12 7182.970418 9.168E-27 4.125E-02.08860.352  583.98640.71-.007260          2 0 0          0 0 0  6  2  4        7  1  7      546541807260713049    13.0   15.0
 13 7182.970500 3.690E-28 2.050E-03.09710.412  380.80600.74-.013310          0 0 2          0 0 0  3  0  3        4  3  2      436253607060713049   126.0  162.0
 14 7183.003992 7.842E-29 9.264E-01.07540.304 2026.83150.79-.021660          0 0 2          0 0 0 14  5 10       14  5  9      5622205041 7833348   174.0  174.0
 12 7183.010690 1.288E-26 1.346E+01.09570.456 1734.21850.73-.006000          1 1 1          0 1 0  2  2  0        2  2  1      545443807294713152    15.0   15.0
 11 7183.015675 4.070E-22 3.557E-01.10360.456  134.90160.76-.019370          1 0 1          0 0 0  2  0  2        2  2  1      454623306394713152    15.0   15.0
 11 7183.016052 3.873E-30 6.638E-04.05010.315 2690.59360.44-.005170          0 6 0          0 1 0  9  1  9        9  2  8      2322338072947131 9    19.0   19.0
 11 7183.073689 2.045E-28 1.692E-02.05510.265 2613.10450.57-.026300          0 0 2          0 0 0 13  4 10       12  7  5      334233807260713049    27.0   25.0
 11 7183.206590 2.212E-29 1.204E+00.08020.250 4174.03860.70-.002370          2 1 0          0 1 0 13  5  8       13  4  9      232230807294713152    81.0   81.0
 11 7183.218640 8.530E-25 1.261E-01.07990.315 1216.23130.69-.017410          0 0 2          0 0 0  8  2  6        9  3  7      454223796760713049    17.0   19.0
 12 7183.221296 9.917E-27 1.060E+01.10600.480 1633.63470.76-.009440          1 1 1          0 1 0  1  1  1        1  1  0      544243807294713152     9.0    9.0
 13 7183.252400 1.480E-29 6.028E-02.10050.456 1738.02760.75-.008420          2 1 0          0 1 0  3  1  2        2  2  1      435253607094713152   126.0   90.0
 11 7183.272532 6.860E-24 3.149E+00.07600.298 1718.71880.81-.000180          1 0 1          0 0 0 10  5  5       10  5  6      454523306779711552    63.0   63.0
 13 7183.325300 4.560E-28 2.484E-01.03760.281 1324.12870.31-.025220          0 0 2          0 0 0 10  0 10       11  1 11      436253607060713049   126.0  138.0
 11 7183.330353 7.814E-30 1.169E-03.03150.298 2701.88850.530.003920          0 4 0          0 0 0 11  9  3       10 10  0      332230807260713049    23.0   21.0
 11 7183.330406 2.344E-29 1.169E-03.03150.298 2701.88850.530.003930          0 4 0          0 0 0 11  9  2       10 10  1      332230807260713049    69.0   63.0
 13 7183.339900 1.370E-27 2.487E-01.03740.281 1324.12160.30-.024830          0 0 2          0 0 0 10  1 10       11  0 11      436253607060713049   378.0  414.0
 13 7183.352176 9.430E-29 1.112E+00.09410.456 1661.46480.720.000000         -2-2-2          0 1 0  2 -1 -1        2  0  2      1622304636917122 0    30.0   30.0
 11 7183.355180 3.640E-29 1.192E+00.07780.265 3843.41040.68-.013000          0 3 1          0 1 0 13  4  9       12  4  8      334233807294713152    27.0   25.0
 12 7183.363928 6.816E-25 4.665E+00.08700.352  925.69970.94-.019420          1 0 1          0 0 0  7  4  4        7  4  3      565640807267712452    45.0   45.0
 11 7183.392955 2.134E-30 2.876E+00.07690.352 4457.81860.64-.019370          0 0 3          1 0 0  6  3  4        7  3  5      332230807294713152    13.0   15.0
 11 7183.436800 4.217E-29 5.618E-03.03980.235 2739.42860.36-.009018         -2-2-2          0 0 0 15 -1 -1       14  3 11      132232477291712250    31.0   29.0
