Time - ADC Voltage	Amplitude - ADC Voltage
0,0000000	0,0146484
0,1000000	0,0148010
0,2000000	0,0148010
0,3000000	0,0149536
0,4000000	0,0149536
0,5000000	0,0148010
0,6000000	0,0148010
0,7000000	0,0146484
0,8000000	0,0149536
0,9000000	0,0149536
1,0000000	0,0148010
1,1000000	0,0149536
1,2000000	0,0146484
1,3000000	0,0149536
1,4000000	0,0151062
1,5000000	0,0152588
1,6000000	0,0152588
1,7000000	0,0149536
1,8000000	0,0149536
1,9000000	0,0151062
2,0000000	0,0152588
2,1000000	0,0152588
2,2000000	0,0154114
2,3000000	0,0155640
2,4000000	0,0157166
2,5000000	0,0154114
2,6000000	0,0152588
2,7000000	0,0155640
2,8000000	0,0157166
2,9000000	0,0158691
3,0000000	0,0158691
3,1000000	0,0158691
3,2000000	0,0160217
3,3000000	0,0160217
3,4000000	0,0163269
3,5000000	0,0160217
3,6000000	0,0167847
3,7000000	0,0166321
3,8000000	0,0170898
3,9000000	0,0193787
4,0000000	0,0247192
4,1000000	0,0308228
4,2000000	0,0369263
4,3000000	0,0421143
4,4000000	0,0477600
4,5000000	0,0534058
4,6000000	0,0584412
4,7000000	0,0631714
4,8000000	0,0688171
4,9000000	0,0744629
5,0000000	0,0807190
5,1000000	0,0868225
5,2000000	0,0923157
5,3000000	0,0987244
5,4000000	0,1045227
5,5000000	0,1101685
5,6000000	0,1159668
5,7000000	0,1220703
5,8000000	0,1280212
5,9000000	0,1341248
6,0000000	0,1399231
6,1000000	0,1460266
6,2000000	0,1516724
6,3000000	0,1580811
6,4000000	0,1640320
6,5000000	0,1701355
6,6000000	0,1760864
6,7000000	0,1818848
6,8000000	0,1875305
6,9000000	0,1930237
7,0000000	0,1991272
7,1000000	0,2053833
7,2000000	0,2108765
7,3000000	0,2168274
7,4000000	0,2235413
7,5000000	0,2288818
7,6000000	0,2352905
7,7000000	0,2412415
7,8000000	0,2468872
7,9000000	0,2532959
8,0000000	0,2595520
8,1000000	0,2648926
8,2000000	0,2714539
8,3000000	0,2770996
8,4000000	0,2832031
8,5000000	0,2891541
8,6000000	0,2951050
8,7000000	0,3012085
8,8000000	0,3070068
8,9000000	0,3131104
9,0000000	0,3190613
9,1000000	0,3254700
9,2000000	0,3309631
9,3000000	0,3373718
9,4000000	0,3433228
9,5000000	0,3489685
9,6000000	0,3549194
9,7000000	0,3613281
9,8000000	0,3669739
9,9000000	0,3732300
10,0000000	0,3791809
10,1000000	0,3848267
10,2000000	0,3910828
10,3000000	0,3977966
10,4000000	0,4029846
10,5000000	0,4087830
10,6000000	0,4147339
10,7000000	0,4205322
10,8000000	0,4269409
10,9000000	0,4328918
11,0000000	0,4385376
11,1000000	0,4449463
11,2000000	0,4504395
11,3000000	0,4562378
11,4000000	0,4624939
11,5000000	0,4682922
11,6000000	0,4743958
11,7000000	0,4808044
11,8000000	0,4861450
11,9000000	0,4924011
12,0000000	0,4988098
12,1000000	0,5041504
12,2000000	0,5102539
12,3000000	0,5171204
12,4000000	0,5223083
12,5000000	0,5287170
12,6000000	0,5349731
12,7000000	0,5407715
12,8000000	0,5467224
12,9000000	0,5532837
13,0000000	0,5587769
13,1000000	0,5654907
13,2000000	0,5714417
13,3000000	0,5772400
13,4000000	0,5833435
13,5000000	0,5892944
13,6000000	0,5955505
13,7000000	0,6021118
13,8000000	0,6076050
13,9000000	0,6138611
14,0000000	0,6198120
14,1000000	0,6256104
14,2000000	0,6317139
14,3000000	0,6385803
14,4000000	0,6442261
14,5000000	0,6501770
14,6000000	0,6561279
14,7000000	0,6616211
14,8000000	0,6678772
14,9000000	0,6742859
15,0000000	0,6794739
15,1000000	0,6857300
15,2000000	0,6915283
15,3000000	0,6971741
15,4000000	0,7034302
15,5000000	0,7098389
15,6000000	0,7151794
15,7000000	0,7214355
15,8000000	0,7275391
15,9000000	0,7328796
16,0000000	0,7395935
16,1000000	0,7453918
16,2000000	0,7507324
16,3000000	0,7575989
16,4000000	0,7632446
16,5000000	0,7688904
16,6000000	0,7754517
16,7000000	0,7814026
16,8000000	0,7867432
16,9000000	0,7929993
17,0000000	0,7984924
17,1000000	0,8045959
17,2000000	0,8108521
17,3000000	0,8164978
17,4000000	0,8222961
17,5000000	0,8285522
17,6000000	0,8343506
17,7000000	0,8403015
17,8000000	0,8462524
17,9000000	0,8520508
18,0000000	0,8581543
18,1000000	0,8644104
18,2000000	0,8697510
18,3000000	0,8764648
18,4000000	0,8822632
18,5000000	0,8872986
18,6000000	0,8932495
18,7000000	0,8992004
18,8000000	0,9049988
18,9000000	0,9111023
19,0000000	0,9169006
19,1000000	0,9223938
19,2000000	0,9284973
19,3000000	0,9339905
19,4000000	0,9397888
19,5000000	0,9460449
19,6000000	0,9518433
19,7000000	0,9576416
19,8000000	0,9634399
19,9000000	0,9687805
20,0000000	0,9747314
20,1000000	0,9806824
20,2000000	0,9861755
20,3000000	0,9915161
20,4000000	0,9974670
20,5000000	1,0028076
20,6000000	1,0084534
20,7000000	1,0142517
20,8000000	1,0197449
20,9000000	1,0256958
21,0000000	1,0313416
21,1000000	1,0368347
21,2000000	1,0426331
21,3000000	1,0481262
21,4000000	1,0533142
21,5000000	1,0594177
21,6000000	1,0644531
21,7000000	1,0700989
21,8000000	1,0760498
21,9000000	1,0816956
22,0000000	1,0864258
22,1000000	1,0922241
22,2000000	1,0977173
22,3000000	1,1033630
22,4000000	1,1090088
22,5000000	1,1145020
22,6000000	1,1190796
22,7000000	1,1242676
22,8000000	1,1293030
22,9000000	1,1347961
23,0000000	1,1402893
23,1000000	1,1450195
23,2000000	1,1503601
23,3000000	1,1552429
23,4000000	1,1605835
23,5000000	1,1659241
23,6000000	1,1711121
23,7000000	1,1753845
23,8000000	1,1805725
23,9000000	1,1853027
24,0000000	1,1898804
24,1000000	1,1947632
24,2000000	1,1994934
24,3000000	1,2039185
24,4000000	1,2088013
24,5000000	1,2130737
24,6000000	1,2168884
24,7000000	1,2216187
24,8000000	1,2255859
24,9000000	1,2298584
25,0000000	1,2339783
25,1000000	1,2377930
25,2000000	1,2411499
25,3000000	1,2454224
25,4000000	1,2483215
25,5000000	1,2510681
25,6000000	1,2544250
25,7000000	1,2570190
25,8000000	1,2596130
25,9000000	1,2620544
26,0000000	1,2637329
26,1000000	1,2655640
26,2000000	1,2664795
26,3000000	1,2666321
26,4000000	1,2677002
26,5000000	1,2673950
26,6000000	1,2658691
26,7000000	1,2641907
26,8000000	1,2619019
26,9000000	1,2585449
27,0000000	1,2547302
27,1000000	1,2492371
27,2000000	1,2428284
27,3000000	1,2359619
27,4000000	1,2280273
27,5000000	1,2181091
27,6000000	1,2088013
27,7000000	1,1973572
27,8000000	1,1871338
27,9000000	1,1766052
28,0000000	1,1662292
28,1000000	1,1572266
28,2000000	1,1505127
28,3000000	1,1448669
28,4000000	1,1421204
28,5000000	1,1415100
28,6000000	1,1427307
28,7000000	1,1463928
28,8000000	1,1515808
28,9000000	1,1578369
29,0000000	1,1645508
29,1000000	1,1715698
29,2000000	1,1778259
29,3000000	1,1828613
29,4000000	1,1863708
29,5000000	1,1875916
29,6000000	1,1865234
29,7000000	1,1825562
29,8000000	1,1755371
29,9000000	1,1654663
30,0000000	1,1520386
30,1000000	1,1351013
30,2000000	1,1145020
30,3000000	1,0881042
30,4000000	1,0589600
30,5000000	1,0232544
30,6000000	0,9834290
30,7000000	0,9403992
30,8000000	0,8944702
30,9000000	0,8445740
31,0000000	0,7933044
31,1000000	0,7373047
31,2000000	0,6787109
31,3000000	0,6239319
31,4000000	0,5703735
31,5000000	0,5180359
31,6000000	0,4736328
31,7000000	0,4348755
31,8000000	0,4029846
31,9000000	0,3805542
32,0000000	0,3649902
32,1000000	0,3584290
32,2000000	0,3607178
32,3000000	0,3717041
32,4000000	0,3913879
32,5000000	0,4203796
32,6000000	0,4577637
32,7000000	0,5026245
32,8000000	0,5589294
32,9000000	0,6170654
33,0000000	0,6817627
33,1000000	0,7516479
33,2000000	0,8216858
33,3000000	0,8911133
33,4000000	0,9599304
33,5000000	1,0261536
33,6000000	1,0877991
33,7000000	1,1477661
33,8000000	1,2034607
33,9000000	1,2542725
34,0000000	1,3014221
34,1000000	1,3453674
34,2000000	1,3842773
34,3000000	1,4219666
34,4000000	1,4547729
34,5000000	1,4865112
34,6000000	1,5156555
34,7000000	1,5420532
34,8000000	1,5672302
34,9000000	1,5907288
35,0000000	1,6117859
35,1000000	1,6328430
35,2000000	1,6522217
35,3000000	1,6697693
35,4000000	1,6880798
35,5000000	1,7042542
35,6000000	1,7196655
35,7000000	1,7349243
35,8000000	1,7491150
35,9000000	1,7625427
36,0000000	1,7758179
36,1000000	1,7890930
36,2000000	1,8009949
36,3000000	1,8128967
36,4000000	1,8244934
36,5000000	1,8353271
36,6000000	1,8469238
36,7000000	1,8574524
36,8000000	1,8675232
36,9000000	1,8780518
37,0000000	1,8873596
37,1000000	1,8975830
37,2000000	1,9070435
37,3000000	1,9157410
37,4000000	1,9248962
37,5000000	1,9345093
37,6000000	1,9429016
37,7000000	1,9523621
37,8000000	1,9609070
37,9000000	1,9686890
38,0000000	1,9773865
38,1000000	1,9856262
38,2000000	1,9938660
38,3000000	2,0024109
38,4000000	2,0109558
38,5000000	2,0193481
38,6000000	2,0269775
38,7000000	2,0341492
38,8000000	2,0416260
38,9000000	2,0492554
39,0000000	2,0565796
39,1000000	2,0642090
39,2000000	2,0718384
39,3000000	2,0787048
39,4000000	2,0861816
39,5000000	2,0935059
39,6000000	2,1006775
39,7000000	2,1078491
39,8000000	2,1150208
39,9000000	2,1215820
40,0000000	2,1292114
40,1000000	2,1356201
40,2000000	2,1420288
40,3000000	2,1490479
40,4000000	2,1563721
40,5000000	2,1626282
40,6000000	2,1701050
40,7000000	2,1768188
40,8000000	2,1827698
40,9000000	2,1902466
41,0000000	2,1974182
41,1000000	2,2036743
41,2000000	2,2099304
41,3000000	2,2171021
41,4000000	2,2233582
41,5000000	2,2303772
41,6000000	2,2367859
41,7000000	2,2433472
41,8000000	2,2497559
41,9000000	2,2560120
42,0000000	2,2624207
42,1000000	2,2694397
42,2000000	2,2755432
42,3000000	2,2819519
42,4000000	2,2883606
42,5000000	2,2943115
42,6000000	2,3010254
42,7000000	2,3077393
42,8000000	2,3136902
42,9000000	2,3200989
43,0000000	2,3268127
43,1000000	2,3326111
43,2000000	2,3390198
43,3000000	2,3454285
43,4000000	2,3510742
43,5000000	2,3574829
43,6000000	2,3643494
43,7000000	2,3698425
43,8000000	2,3764038
43,9000000	2,3831177
44,0000000	2,3880005
44,1000000	2,3947144
44,2000000	2,4008179
44,3000000	2,4064636
44,4000000	2,4133301
44,5000000	2,4194336
44,6000000	2,4255371
44,7000000	2,4317932
44,8000000	2,4371338
44,9000000	2,4436951
45,0000000	2,4497986
45,1000000	2,4552917
45,2000000	2,4615479
45,3000000	2,4676514
45,4000000	2,4737549
45,5000000	2,4795532
45,6000000	2,4859619
45,7000000	2,4916077
45,8000000	2,4980164
45,9000000	2,5038147
46,0000000	2,5093079
46,1000000	2,5149536
46,2000000	2,5218201
46,3000000	2,5276184
46,4000000	2,5340271
46,5000000	2,5402832
46,6000000	2,5447083
46,7000000	2,5509644
46,8000000	2,5570679
46,9000000	2,5630188
47,0000000	2,5689697
47,1000000	2,5744629
47,2000000	2,5804138
47,3000000	2,5866699
47,4000000	2,5924683
47,5000000	2,5987244
47,6000000	2,6046753
47,7000000	2,6103210
47,8000000	2,6162720
47,9000000	2,6226807
48,0000000	2,6277161
48,1000000	2,6341248
48,2000000	2,6403809
48,3000000	2,6454163
48,4000000	2,6513672
48,5000000	2,6580811
48,6000000	2,6632690
48,7000000	2,6692200
48,8000000	2,6753235
48,9000000	2,6805115
49,0000000	2,6867676
49,1000000	2,6927185
49,2000000	2,6979065
49,3000000	2,7040100
49,4000000	2,7099609
49,5000000	2,7156067
49,6000000	2,7221680
49,7000000	2,7273560
49,8000000	2,7330017
49,9000000	2,7392578
50,0000000	2,7449036
50,1000000	2,7507019
50,2000000	2,7565002
50,3000000	2,7610779
50,4000000	2,7676392
50,5000000	2,7734375
50,6000000	2,7787781
50,7000000	2,7848816
50,8000000	2,7903748
50,9000000	2,7957153
51,0000000	2,8015137
51,1000000	2,8074646
51,2000000	2,8123474
51,3000000	2,8182983
51,4000000	2,8240967
51,5000000	2,8292847
51,6000000	2,8352356
51,7000000	2,8413391
51,8000000	2,8457642
51,9000000	2,8518677
52,0000000	2,8572083
52,1000000	2,8627014
52,2000000	2,8689575
52,3000000	2,8742981
52,4000000	2,8799438
52,5000000	2,8857422
52,6000000	2,8913879
52,7000000	2,8971863
52,8000000	2,9028320
52,9000000	2,9081726
53,0000000	2,9141235
53,1000000	2,9199219
53,2000000	2,9252625
53,3000000	2,9310608
53,4000000	2,9368591
53,5000000	2,9417419
53,6000000	2,9476929
53,7000000	2,9537964
53,8000000	2,9585266
53,9000000	2,9647827
54,0000000	2,9701233
54,1000000	2,9759216
54,2000000	2,9814148
54,3000000	2,9870605
54,4000000	2,9919434
54,5000000	2,9981995
54,6000000	3,0032349
54,7000000	3,0084229
54,8000000	3,0136108
54,9000000	3,0186462
55,0000000	3,0236816
55,1000000	3,0291748
55,2000000	3,0342102
55,3000000	3,0395508
55,4000000	3,0450439
55,5000000	3,0497742
55,6000000	3,0563354
55,7000000	3,0612183
55,8000000	3,0665588
55,9000000	3,0720520
56,0000000	3,0775452
56,1000000	3,0828857
56,2000000	3,0885315
56,3000000	3,0944824
56,4000000	3,0998230
56,5000000	3,1057739
56,6000000	3,1108093
56,7000000	3,1155396
56,8000000	3,1205750
56,9000000	3,1265259
57,0000000	3,1315613
57,1000000	3,1367493
57,2000000	3,1416321
57,3000000	3,1468201
57,4000000	3,1523132
57,5000000	3,1576538
57,6000000	3,1626892
57,7000000	3,1675720
57,8000000	3,1719971
57,9000000	3,1776428
58,0000000	3,1828308
58,1000000	3,1878662
58,2000000	3,1924438
58,3000000	3,1973267
58,4000000	3,2022095
58,5000000	3,2075500
58,6000000	3,2128906
58,7000000	3,2173157
58,8000000	3,2217407
58,9000000	3,2266235
59,0000000	3,2312012
59,1000000	3,2362366
59,2000000	3,2409668
59,3000000	3,2449341
59,4000000	3,2495117
59,5000000	3,2543945
59,6000000	3,2583618
59,7000000	3,2630920
59,8000000	3,2670593
59,9000000	3,2708740
60,0000000	3,2752991
60,1000000	3,2788086
60,2000000	3,2833862
60,3000000	3,2870483
60,4000000	3,2907104
60,5000000	3,2942200
60,6000000	3,2978821
60,7000000	3,3007812
60,8000000	3,3035278
60,9000000	3,3071899
61,0000000	3,3099365
61,1000000	3,3125305
61,2000000	3,3146667
61,3000000	3,3160400
61,4000000	3,3183289
61,5000000	3,3203125
61,6000000	3,3207703
61,7000000	3,3221436
61,8000000	3,3229065
61,9000000	3,3227539
62,0000000	3,3227539
62,1000000	3,3210754
62,2000000	3,3190918
62,3000000	3,3169556
62,4000000	3,3137512
62,5000000	3,3093262
62,6000000	3,3035278
62,7000000	3,2958984
62,8000000	3,2882690
62,9000000	3,2785034
63,0000000	3,2658386
63,1000000	3,2502747
63,2000000	3,2315063
63,3000000	3,2092285
63,4000000	3,1835937
63,5000000	3,1506348
63,6000000	3,1120300
63,7000000	3,0653381
63,8000000	3,0090332
63,9000000	2,9414368
64,0000000	2,8633118
64,1000000	2,7684021
64,2000000	2,6623535
64,3000000	2,5462341
64,4000000	2,4151611
64,5000000	2,2817993
64,6000000	2,1505737
64,7000000	2,0315552
64,8000000	1,9320679
64,9000000	1,8635559
65,0000000	1,8290710
65,1000000	1,8344116
65,2000000	1,8807983
65,3000000	1,9613647
65,4000000	2,0680237
65,5000000	2,2029114
65,6000000	2,3425293
65,7000000	2,4821472
65,8000000	2,6243591
65,9000000	2,7543640
66,0000000	2,8666687
66,1000000	2,9716492
66,2000000	3,0590820
66,3000000	3,1317139
66,4000000	3,2000732
66,5000000	3,2536316
66,6000000	3,3000183
66,7000000	3,3410645
66,8000000	3,3757019
66,9000000	3,4077454
67,0000000	3,4336853
67,1000000	3,4590149
67,2000000	3,4834290
67,3000000	3,5057068
67,4000000	3,5261536
67,5000000	3,5450745
67,6000000	3,5632324
67,7000000	3,5801697
67,8000000	3,5969543
67,9000000	3,6116028
68,0000000	3,6244202
68,1000000	3,6376953
68,2000000	3,6502075
68,3000000	3,6611938
68,4000000	3,6723328
68,5000000	3,6820984
68,6000000	3,6912537
68,7000000	3,7010193
68,8000000	3,7091064
68,9000000	3,7162781
69,0000000	3,7239075
69,1000000	3,7313843
69,2000000	3,7384033
69,3000000	3,7455750
69,4000000	3,7525940
69,5000000	3,7603760
69,6000000	3,7686157
69,7000000	3,7774658
69,8000000	3,7866211
69,9000000	3,7957764
70,0000000	3,8043213
70,1000000	3,8128662
70,2000000	3,8214111
70,3000000	3,8293457
70,4000000	3,8371277
70,5000000	3,8449097
70,6000000	3,8525391
70,7000000	3,8598633
70,8000000	3,8670349
70,9000000	3,8729858
71,0000000	3,8793945
71,1000000	3,8859558
71,2000000	3,8926697
71,3000000	3,8995361
71,4000000	3,9059448
71,5000000	3,9118958
71,6000000	3,9187622
71,7000000	3,9250183
71,8000000	3,9302063
71,9000000	3,9361572
72,0000000	3,9419556
72,1000000	3,9482117
72,2000000	3,9549255
72,3000000	3,9605713
72,4000000	3,9663696
72,5000000	3,9720154
72,6000000	3,9778137
72,7000000	3,9845276
72,8000000	3,9904785
72,9000000	3,9955139
73,0000000	4,0016174
73,1000000	4,0078735
73,2000000	4,0132141
73,3000000	4,0196228
73,4000000	4,0246582
73,5000000	4,0301514
73,6000000	4,0364075
73,7000000	4,0423584
73,8000000	4,0483093
73,9000000	4,0538025
74,0000000	4,0591431
74,1000000	4,0646362
74,2000000	4,0711975
74,3000000	4,0765381
74,4000000	4,0820312
74,5000000	4,0873718
74,6000000	4,0936279
74,7000000	4,0995789
74,8000000	4,1052246
74,9000000	4,1107178
75,0000000	4,1159058
75,1000000	4,1218567
75,2000000	4,1276550
75,3000000	4,1328430
75,4000000	4,1378784
75,5000000	4,1432190
75,6000000	4,1485596
75,7000000	4,1543579
75,8000000	4,1592407
75,9000000	4,1651917
76,0000000	4,1705322
76,1000000	4,1758728
76,2000000	4,1815186
76,3000000	4,1870117
76,4000000	4,1917419
76,5000000	4,1970825
76,6000000	4,2025757
76,7000000	4,2080688
76,8000000	4,2134094
76,9000000	4,2185974
77,0000000	4,2236328
77,1000000	4,2297363
77,2000000	4,2349243
77,3000000	4,2402649
77,4000000	4,2454529
77,5000000	4,2503357
77,6000000	4,2561340
77,7000000	4,2617798
77,8000000	4,2666626
77,9000000	4,2715454
78,0000000	4,2774963
78,1000000	4,2826843
78,2000000	4,2880249
78,3000000	4,2932129
78,4000000	4,2984009
78,5000000	4,3043518
78,6000000	4,3096924
78,7000000	4,3139648
78,8000000	4,3196106
78,9000000	4,3246460
79,0000000	4,3298340
79,1000000	4,3357849
79,2000000	4,3409729
79,3000000	4,3458557
79,4000000	4,3508911
79,5000000	4,3571472
79,6000000	4,3620300
79,7000000	4,3675232
79,8000000	4,3717957
79,9000000	4,3771362
0,0000000	0,0143433
0,0000000	0,0146484
0,0000000	0,0144958
0,0000000	0,0144958
0,0000000	0,0144958
0,0000000	0,0143433
0,0000000	0,0146484
0,0000000	0,0146484
0,0000000	0,0144958
0,0000000	0,0146484
0,0000000	0,0149536
0,0000000	0,0144958
0,0000000	0,0146484
0,0000000	0,0146484
0,0000000	0,0148010
0,0000000	0,0144958
0,0000000	0,0148010
0,0000000	0,0144958
0,0000000	0,0146484
0,0000000	0,0148010
0,0000000	0,0148010
0,0000000	0,0144958
0,0000000	0,0148010
0,0000000	0,0146484
0,0000000	0,0148010
0,0000000	0,0143433
0,0000000	0,0148010
0,0000000	0,0149536
0,0000000	0,0144958
0,0000000	0,0144958
0,0000000	0,0146484
0,0000000	0,0148010
0,0000000	0,0146484
0,0000000	0,0146484
0,0000000	0,0148010
0,0000000	0,0148010
0,0000000	0,0144958
0,0000000	0,0146484
0,0000000	0,0146484
0,0000000	0,0148010
0,0000000	0,0149536
0,0000000	0,0146484
0,0000000	0,0149536
0,0000000	0,0148010
0,0000000	0,0144958
0,0000000	0,0146484
0,0000000	0,0149536
0,0000000	0,0148010
0,0000000	0,0146484
0,0000000	0,0144958
0,0000000	0,0148010
0,0000000	0,0146484
0,0000000	0,0144958
0,0000000	0,0146484
0,0000000	0,0148010
0,0000000	0,0148010
0,0000000	0,0146484
0,0000000	0,0149536
0,0000000	0,0149536
0,0000000	0,0148010
0,0000000	0,0143433
0,0000000	0,0146484
0,0000000	0,0148010
0,0000000	0,0146484
0,0000000	0,0148010
0,0000000	0,0146484
0,0000000	0,0148010
0,0000000	0,0146484
0,0000000	0,0144958
0,0000000	0,0144958
0,0000000	0,0144958
0,0000000	0,0148010
0,0000000	0,0148010
0,0000000	0,0148010
0,0000000	0,0148010
0,0000000	0,0151062
0,0000000	0,0149536
0,0000000	0,0148010
0,0000000	0,0143433
0,0000000	0,0148010
0,0000000	0,0146484
0,0000000	0,0144958
0,0000000	0,0148010
0,0000000	0,0148010
0,0000000	0,0148010
0,0000000	0,0148010
0,0000000	0,0151062
0,0000000	0,0148010
0,0000000	0,0148010
0,0000000	0,0146484
0,0000000	0,0149536
0,0000000	0,0146484
0,0000000	0,0149536
0,0000000	0,0146484
0,0000000	0,0146484
0,0000000	0,0148010
0,0000000	0,0144958
0,0000000	0,0148010
0,0000000	0,0148010
0,0000000	0,0146484
0,0000000	0,0146484
0,0000000	0,0148010
0,0000000	0,0148010
0,0000000	0,0149536
0,0000000	0,0148010
0,0000000	0,0146484
0,0000000	0,0146484
0,0000000	0,0148010
0,0000000	0,0146484
0,0000000	0,0146484
0,0000000	0,0148010
0,0000000	0,0148010
0,0000000	0,0148010
0,0000000	0,0148010
0,0000000	0,0146484
0,0000000	0,0144958
0,0000000	0,0146484
0,0000000	0,0144958
0,0000000	0,0151062
0,0000000	0,0148010
0,0000000	0,0144958
0,0000000	0,0148010
0,0000000	0,0146484
0,0000000	0,0151062
0,0000000	0,0146484
0,0000000	0,0146484
0,0000000	0,0144958
0,0000000	0,0144958
0,0000000	0,0148010
0,0000000	0,0149536
0,0000000	0,0148010
0,0000000	0,0144958
0,0000000	0,0148010
0,0000000	0,0148010
0,0000000	0,0149536
0,0000000	0,0149536
0,0000000	0,0148010
0,0000000	0,0143433
0,0000000	0,0148010
0,0000000	0,0149536
0,0000000	0,0146484
0,0000000	0,0146484
0,0000000	0,0146484
0,0000000	0,0146484
0,0000000	0,0149536
0,0000000	0,0146484
0,0000000	0,0144958
0,0000000	0,0148010
0,0000000	0,0144958
0,0000000	0,0144958
0,0000000	0,0148010
0,0000000	0,0149536
0,0000000	0,0146484
0,0000000	0,0146484
0,0000000	0,0144958
0,0000000	0,0144958
0,0000000	0,0146484
0,0000000	0,0146484
0,0000000	0,0148010
0,0000000	0,0148010
0,0000000	0,0143433
0,0000000	0,0148010
0,0000000	0,0148010
0,0000000	0,0146484
0,0000000	0,0146484
0,0000000	0,0148010
0,0000000	0,0148010
0,0000000	0,0144958
0,0000000	0,0146484
0,0000000	0,0148010
0,0000000	0,0146484
0,0000000	0,0144958
0,0000000	0,0144958
0,0000000	0,0148010
0,0000000	0,0149536
0,0000000	0,0149536
0,0000000	0,0146484
0,0000000	0,0146484
0,0000000	0,0146484
0,0000000	0,0146484
0,0000000	0,0148010
0,0000000	0,0148010
0,0000000	0,0149536
0,0000000	0,0149536
0,0000000	0,0148010
0,0000000	0,0146484
0,0000000	0,0146484
0,0000000	0,0144958
0,0000000	0,0148010
0,0000000	0,0148010
0,0000000	0,0148010
0,0000000	0,0146484
0,0000000	0,0146484
0,0000000	0,0146484
0,0000000	0,0149536
0,0000000	0,0148010
0,0000000	0,0146484
0,0000000	0,0144958
0,0000000	0,0148010
0,0000000	0,0149536
