Time - ADC Voltage	Amplitude - ADC Voltage
0,0000000	0,0151062
0,1000000	0,0152588
0,2000000	0,0151062
0,3000000	0,0152588
0,4000000	0,0154114
0,5000000	0,0151062
0,6000000	0,0152588
0,7000000	0,0154114
0,8000000	0,0152588
0,9000000	0,0152588
1,0000000	0,0155640
1,1000000	0,0152588
1,2000000	0,0152588
1,3000000	0,0152588
1,4000000	0,0152588
1,5000000	0,0152588
1,6000000	0,0155640
1,7000000	0,0152588
1,8000000	0,0154114
1,9000000	0,0155640
2,0000000	0,0155640
2,1000000	0,0157166
2,2000000	0,0157166
2,3000000	0,0155640
2,4000000	0,0158691
2,5000000	0,0160217
2,6000000	0,0157166
2,7000000	0,0158691
2,8000000	0,0158691
2,9000000	0,0158691
3,0000000	0,0161743
3,1000000	0,0161743
3,2000000	0,0160217
3,3000000	0,0158691
3,4000000	0,0161743
3,5000000	0,0163269
3,6000000	0,0164795
3,7000000	0,0166321
3,8000000	0,0164795
3,9000000	0,0175476
4,0000000	0,0216675
4,1000000	0,0262451
4,2000000	0,0306702
4,3000000	0,0346375
4,4000000	0,0390625
4,5000000	0,0430298
4,6000000	0,0474548
4,7000000	0,0517273
4,8000000	0,0563049
4,9000000	0,0607300
5,0000000	0,0650024
5,1000000	0,0689697
5,2000000	0,0738525
5,3000000	0,0784302
5,4000000	0,0828552
5,5000000	0,0874329
5,6000000	0,0918579
5,7000000	0,0965881
5,8000000	0,1011658
5,9000000	0,1057434
6,0000000	0,1097107
6,1000000	0,1150513
6,2000000	0,1197815
6,3000000	0,1239014
6,4000000	0,1287842
6,5000000	0,1333618
6,6000000	0,1376343
6,7000000	0,1428223
6,8000000	0,1473999
6,9000000	0,1513672
7,0000000	0,1565552
7,1000000	0,1614380
7,2000000	0,1660156
7,3000000	0,1712036
7,4000000	0,1756287
7,5000000	0,1803589
7,6000000	0,1850891
7,7000000	0,1896667
7,8000000	0,1943970
7,9000000	0,1994324
8,0000000	0,2041626
8,1000000	0,2090454
8,2000000	0,2139282
8,3000000	0,2182007
8,4000000	0,2230835
8,5000000	0,2284241
8,6000000	0,2326965
8,7000000	0,2378845
8,8000000	0,2430725
8,9000000	0,2476501
9,0000000	0,2525330
9,1000000	0,2577209
9,2000000	0,2619934
9,3000000	0,2673340
9,4000000	0,2720642
9,5000000	0,2764893
9,6000000	0,2819824
9,7000000	0,2870178
9,8000000	0,2914429
9,9000000	0,2964783
10,0000000	0,3018188
10,1000000	0,3065491
10,2000000	0,3120422
10,3000000	0,3170776
10,4000000	0,3221130
10,5000000	0,3273010
10,6000000	0,3318787
10,7000000	0,3363037
10,8000000	0,3413391
10,9000000	0,3462219
11,0000000	0,3517151
11,1000000	0,3565979
11,2000000	0,3614807
11,3000000	0,3668213
11,4000000	0,3718567
11,5000000	0,3767395
11,6000000	0,3819275
11,7000000	0,3871155
11,8000000	0,3919983
11,9000000	0,3970337
12,0000000	0,4019165
12,1000000	0,4071045
12,2000000	0,4124451
12,3000000	0,4179382
12,4000000	0,4225159
12,5000000	0,4278564
12,6000000	0,4328918
12,7000000	0,4379272
12,8000000	0,4432678
12,9000000	0,4489136
13,0000000	0,4534912
13,1000000	0,4586792
13,2000000	0,4634094
13,3000000	0,4687500
13,4000000	0,4740906
13,5000000	0,4791260
13,6000000	0,4844666
13,7000000	0,4898071
13,8000000	0,4946899
13,9000000	0,5001831
14,0000000	0,5053711
14,1000000	0,5102539
14,2000000	0,5162048
14,3000000	0,5209351
14,4000000	0,5261230
14,5000000	0,5313110
14,6000000	0,5366516
14,7000000	0,5415344
14,8000000	0,5470276
14,9000000	0,5523682
15,0000000	0,5572510
15,1000000	0,5625916
15,2000000	0,5680847
15,3000000	0,5728149
15,4000000	0,5783081
15,5000000	0,5836487
15,6000000	0,5888367
15,7000000	0,5940247
15,8000000	0,5993652
15,9000000	0,6045532
16,0000000	0,6103516
16,1000000	0,6149292
16,2000000	0,6205750
16,3000000	0,6259155
16,4000000	0,6307983
16,5000000	0,6361389
16,6000000	0,6416321
16,7000000	0,6466675
16,8000000	0,6520081
16,9000000	0,6575012
17,0000000	0,6623840
17,1000000	0,6675720
17,2000000	0,6733704
17,3000000	0,6781006
17,4000000	0,6838989
17,5000000	0,6893921
17,6000000	0,6942749
17,7000000	0,6997681
17,8000000	0,7049561
17,9000000	0,7101440
18,0000000	0,7151794
18,1000000	0,7209778
18,2000000	0,7264709
18,3000000	0,7324219
18,4000000	0,7380676
18,5000000	0,7435608
18,6000000	0,7485962
18,7000000	0,7533264
18,8000000	0,7582092
18,9000000	0,7633972
19,0000000	0,7685852
19,1000000	0,7737732
19,2000000	0,7794189
19,3000000	0,7843018
19,4000000	0,7894897
19,5000000	0,7951355
19,6000000	0,8001709
19,7000000	0,8056641
19,8000000	0,8108521
19,9000000	0,8158875
20,0000000	0,8216858
20,1000000	0,8265686
20,2000000	0,8314514
20,3000000	0,8367920
20,4000000	0,8424377
20,5000000	0,8477783
20,6000000	0,8529663
20,7000000	0,8584595
20,8000000	0,8639526
20,9000000	0,8699036
21,0000000	0,8752441
21,1000000	0,8804321
21,2000000	0,8859253
21,3000000	0,8908081
21,4000000	0,8959961
21,5000000	0,9014893
21,6000000	0,9062195
21,7000000	0,9115601
21,8000000	0,9167480
21,9000000	0,9217834
22,0000000	0,9268188
22,1000000	0,9321594
22,2000000	0,9365845
22,3000000	0,9419250
22,4000000	0,9472656
22,5000000	0,9519958
22,6000000	0,9573364
22,7000000	0,9625244
22,8000000	0,9671021
22,9000000	0,9718323
23,0000000	0,9770203
23,1000000	0,9819031
23,2000000	0,9872437
23,3000000	0,9922791
23,4000000	0,9971619
23,5000000	1,0018921
23,6000000	1,0067749
23,7000000	1,0122681
23,8000000	1,0173035
23,9000000	1,0205078
24,0000000	1,0255432
24,1000000	1,0298157
24,2000000	1,0340881
24,3000000	1,0386658
24,4000000	1,0437012
24,5000000	1,0484314
24,6000000	1,0533142
24,7000000	1,0581970
24,8000000	1,0623169
24,9000000	1,0670471
25,0000000	1,0723877
25,1000000	1,0766602
25,2000000	1,0815430
25,3000000	1,0864258
25,4000000	1,0903931
25,5000000	1,0952759
25,6000000	1,0995483
25,7000000	1,1038208
25,8000000	1,1083984
25,9000000	1,1131287
26,0000000	1,1172485
26,1000000	1,1218262
26,2000000	1,1267090
26,3000000	1,1311340
26,4000000	1,1360168
26,5000000	1,1401367
26,6000000	1,1442566
26,7000000	1,1476135
26,8000000	1,1512756
26,9000000	1,1555481
27,0000000	1,1601257
27,1000000	1,1639404
27,2000000	1,1683655
27,3000000	1,1727905
27,4000000	1,1764526
27,5000000	1,1805725
27,6000000	1,1845398
27,7000000	1,1883545
27,8000000	1,1923218
27,9000000	1,1965942
28,0000000	1,1996460
28,1000000	1,2040710
28,2000000	1,2080383
28,3000000	1,2115479
28,4000000	1,2155151
28,5000000	1,2191772
28,6000000	1,2231445
28,7000000	1,2269592
28,8000000	1,2301636
28,9000000	1,2339783
29,0000000	1,2379456
29,1000000	1,2414551
29,2000000	1,2454224
29,3000000	1,2490845
29,4000000	1,2527466
29,5000000	1,2556458
29,6000000	1,2597656
29,7000000	1,2635803
29,8000000	1,2673950
29,9000000	1,2713623
30,0000000	1,2750244
30,1000000	1,2785339
30,2000000	1,2829590
30,3000000	1,2866211
30,4000000	1,2910461
30,5000000	1,2951660
30,6000000	1,2983704
30,7000000	1,3023376
30,8000000	1,3058472
30,9000000	1,3099670
31,0000000	1,3139343
31,1000000	1,3180542
31,2000000	1,3221741
31,3000000	1,3270569
31,4000000	1,3314819
31,5000000	1,3357544
31,6000000	1,3404846
31,7000000	1,3447571
31,8000000	1,3496399
31,9000000	1,3549805
32,0000000	1,3595581
32,1000000	1,3647461
32,2000000	1,3702393
32,3000000	1,3754272
32,4000000	1,3807678
32,5000000	1,3865662
32,6000000	1,3923645
32,7000000	1,3977051
32,8000000	1,4039612
32,9000000	1,4096069
33,0000000	1,4158630
33,1000000	1,4224243
33,2000000	1,4283752
33,3000000	1,4349365
33,4000000	1,4419556
33,5000000	1,4480591
33,6000000	1,4553833
33,7000000	1,4619446
33,8000000	1,4691162
33,9000000	1,4764404
34,0000000	1,4834595
34,1000000	1,4901733
34,2000000	1,4981079
34,3000000	1,5055847
34,4000000	1,5126038
34,5000000	1,5203857
34,6000000	1,5274048
34,7000000	1,5348816
34,8000000	1,5425110
34,9000000	1,5499878
35,0000000	1,5576172
35,1000000	1,5658569
35,2000000	1,5731812
35,3000000	1,5806580
35,4000000	1,5892029
35,5000000	1,5963745
35,6000000	1,6044617
35,7000000	1,6119385
35,8000000	1,6197205
35,9000000	1,6278076
36,0000000	1,6352844
36,1000000	1,6429138
36,2000000	1,6508484
36,3000000	1,6586304
36,4000000	1,6665649
36,5000000	1,6741943
36,6000000	1,6818237
36,7000000	1,6894531
36,8000000	1,6973877
36,9000000	1,7048645
37,0000000	1,7124939
37,1000000	1,7201233
37,2000000	1,7274475
37,3000000	1,7350769
37,4000000	1,7428589
37,5000000	1,7500305
37,6000000	1,7575073
37,7000000	1,7657471
37,8000000	1,7723083
37,9000000	1,7800903
38,0000000	1,7881775
38,1000000	1,7950439
38,2000000	1,8028259
38,3000000	1,8109131
38,4000000	1,8190002
38,5000000	1,8266296
38,6000000	1,8333435
38,7000000	1,8403625
38,8000000	1,8464661
38,9000000	1,8531799
39,0000000	1,8600464
39,1000000	1,8673706
39,2000000	1,8742371
39,3000000	1,8818665
39,4000000	1,8888855
39,5000000	1,8954468
39,6000000	1,9026184
39,7000000	1,9099426
39,8000000	1,9166565
39,9000000	1,9233704
40,0000000	1,9305420
40,1000000	1,9369507
40,2000000	1,9441223
40,3000000	1,9512939
40,4000000	1,9573975
40,5000000	1,9642639
40,6000000	1,9712830
40,7000000	1,9776917
40,8000000	1,9847107
40,9000000	1,9915771
41,0000000	1,9978333
41,1000000	2,0046997
41,2000000	2,0112610
41,3000000	2,0179749
41,4000000	2,0249939
41,5000000	2,0312500
41,6000000	2,0379639
41,7000000	2,0445251
41,8000000	2,0504761
41,9000000	2,0571899
42,0000000	2,0643616
42,1000000	2,0703125
42,2000000	2,0770264
42,3000000	2,0848083
42,4000000	2,0912170
42,5000000	2,0970154
42,6000000	2,1043396
42,7000000	2,1099854
42,8000000	2,1160889
42,9000000	2,1229553
43,0000000	2,1286011
43,1000000	2,1351624
43,2000000	2,1417236
43,3000000	2,1478271
43,4000000	2,1540833
43,5000000	2,1604919
43,6000000	2,1667480
43,7000000	2,1730042
43,8000000	2,1791077
43,9000000	2,1855164
44,0000000	2,1917725
44,1000000	2,1981812
44,2000000	2,2041321
44,3000000	2,2103882
44,4000000	2,2163391
44,5000000	2,2225952
44,6000000	2,2290039
44,7000000	2,2348022
44,8000000	2,2410583
44,9000000	2,2473145
45,0000000	2,2529602
45,1000000	2,2589111
45,2000000	2,2657776
45,3000000	2,2715759
45,4000000	2,2779846
45,5000000	2,2840881
45,6000000	2,2898865
45,7000000	2,2962952
45,8000000	2,3017883
45,9000000	2,3078918
46,0000000	2,3141479
46,1000000	2,3200989
46,2000000	2,3265076
46,3000000	2,3324585
46,4000000	2,3381042
46,5000000	2,3440552
46,6000000	2,3501587
46,7000000	2,3558044
46,8000000	2,3616028
46,9000000	2,3681641
47,0000000	2,3738098
47,1000000	2,3797607
47,2000000	2,3857117
47,3000000	2,3913574
47,4000000	2,3974609
47,5000000	2,4035645
47,6000000	2,4093628
47,7000000	2,4150085
47,8000000	2,4211121
47,9000000	2,4269104
48,0000000	2,4328613
48,1000000	2,4386597
48,2000000	2,4441528
48,3000000	2,4501038
48,4000000	2,4559021
48,5000000	2,4615479
48,6000000	2,4676514
48,7000000	2,4732971
48,8000000	2,4790955
48,9000000	2,4848938
49,0000000	2,4908447
49,1000000	2,4963379
49,2000000	2,5027466
49,3000000	2,5080872
49,4000000	2,5138855
49,5000000	2,5196838
49,6000000	2,5257874
49,7000000	2,5309753
49,8000000	2,5367737
49,9000000	2,5427246
50,0000000	2,5483704
50,1000000	2,5546265
50,2000000	2,5598145
50,3000000	2,5662231
50,4000000	2,5720215
50,5000000	2,5773621
50,6000000	2,5828552
50,7000000	2,5881958
50,8000000	2,5933838
50,9000000	2,5993347
51,0000000	2,6052856
51,1000000	2,6107788
51,2000000	2,6164246
51,3000000	2,6220703
51,4000000	2,6272583
51,5000000	2,6336670
51,6000000	2,6393127
51,7000000	2,6446533
51,8000000	2,6499939
51,9000000	2,6557922
52,0000000	2,6608276
52,1000000	2,6666260
52,2000000	2,6724243
52,3000000	2,6776123
52,4000000	2,6837158
52,5000000	2,6887512
52,6000000	2,6940918
52,7000000	2,7000427
52,8000000	2,7053833
52,9000000	2,7104187
53,0000000	2,7166748
53,1000000	2,7215576
53,2000000	2,7273560
53,3000000	2,7328491
53,4000000	2,7378845
53,5000000	2,7435303
53,6000000	2,7488708
53,7000000	2,7545166
53,8000000	2,7597046
53,9000000	2,7651978
54,0000000	2,7705383
54,1000000	2,7760315
54,2000000	2,7816772
54,3000000	2,7867126
54,4000000	2,7920532
54,5000000	2,7973938
54,6000000	2,8027344
54,7000000	2,8082275
54,8000000	2,8131104
54,9000000	2,8186035
55,0000000	2,8239441
55,1000000	2,8291321
55,2000000	2,8343201
55,3000000	2,8398132
55,4000000	2,8446960
55,5000000	2,8498840
55,6000000	2,8558350
55,7000000	2,8608704
55,8000000	2,8659058
55,9000000	2,8707886
56,0000000	2,8761292
56,1000000	2,8811646
56,2000000	2,8865051
56,3000000	2,8915405
56,4000000	2,8968811
56,5000000	2,9022217
56,6000000	2,9067993
56,7000000	2,9116821
56,8000000	2,9167175
56,9000000	2,9216003
57,0000000	2,9269409
57,1000000	2,9321289
57,2000000	2,9365540
57,3000000	2,9420471
57,4000000	2,9469299
57,5000000	2,9516602
57,6000000	2,9563904
57,7000000	2,9614258
57,8000000	2,9661560
57,9000000	2,9710388
58,0000000	2,9757690
58,1000000	2,9806519
58,2000000	2,9858398
58,3000000	2,9905701
58,4000000	2,9956055
58,5000000	3,0001831
58,6000000	3,0039978
58,7000000	3,0082703
58,8000000	3,0133057
58,9000000	3,0177307
59,0000000	3,0226135
59,1000000	3,0268860
59,2000000	3,0311584
59,3000000	3,0360413
59,4000000	3,0401611
59,5000000	3,0442810
59,6000000	3,0493164
59,7000000	3,0535889
59,8000000	3,0574036
59,9000000	3,0624390
60,0000000	3,0662537
60,1000000	3,0705261
60,2000000	3,0746460
60,3000000	3,0787659
60,4000000	3,0825806
60,5000000	3,0873108
60,6000000	3,0908203
60,7000000	3,0947876
60,8000000	3,0987549
60,9000000	3,1027222
61,0000000	3,1066895
61,1000000	3,1105042
61,2000000	3,1137085
61,3000000	3,1176758
61,4000000	3,1213379
61,5000000	3,1243896
61,6000000	3,1280518
61,7000000	3,1315613
61,8000000	3,1350708
61,9000000	3,1385803
62,0000000	3,1420898
62,1000000	3,1449890
62,2000000	3,1486511
62,3000000	3,1520081
62,4000000	3,1556702
62,5000000	3,1585693
62,6000000	3,1613159
62,7000000	3,1642151
62,8000000	3,1677246
62,9000000	3,1707764
63,0000000	3,1733704
63,1000000	3,1764221
63,2000000	3,1799316
63,3000000	3,1828308
63,4000000	3,1857300
63,5000000	3,1887817
63,6000000	3,1922913
63,7000000	3,1953430
63,8000000	3,1983948
63,9000000	3,2015991
64,0000000	3,2048035
64,1000000	3,2081604
64,2000000	3,2115173
64,3000000	3,2151794
64,4000000	3,2179260
64,5000000	3,2225037
64,6000000	3,2263184
64,7000000	3,2298279
64,8000000	3,2339478
64,9000000	3,2383728
65,0000000	3,2426453
65,1000000	3,2472229
65,2000000	3,2519531
65,3000000	3,2566833
65,4000000	3,2623291
65,5000000	3,2676697
65,6000000	3,2723999
65,7000000	3,2775879
65,8000000	3,2838440
65,9000000	3,2897949
66,0000000	3,2955933
66,1000000	3,3013916
66,2000000	3,3070374
66,3000000	3,3148193
66,4000000	3,3215332
66,5000000	3,3270264
66,6000000	3,3331299
66,7000000	3,3399963
66,8000000	3,3473206
66,9000000	3,3537292
67,0000000	3,3604431
67,1000000	3,3676147
67,2000000	3,3749390
67,3000000	3,3818054
67,4000000	3,3889771
67,5000000	3,3964539
67,6000000	3,4037781
67,7000000	3,4111023
67,8000000	3,4178162
67,9000000	3,4245300
68,0000000	3,4326172
68,1000000	3,4397888
68,2000000	3,4463501
68,3000000	3,4538269
68,4000000	3,4606934
68,5000000	3,4680176
68,6000000	3,4753418
68,7000000	3,4820557
68,8000000	3,4887695
68,9000000	3,4957886
69,0000000	3,5025024
69,1000000	3,5096741
69,2000000	3,5165405
69,3000000	3,5234070
69,4000000	3,5301208
69,5000000	3,5368347
69,6000000	3,5430908
69,7000000	3,5499573
69,8000000	3,5566711
69,9000000	3,5630798
70,0000000	3,5697937
70,1000000	3,5758972
70,2000000	3,5826111
70,3000000	3,5899353
70,4000000	3,5955811
70,5000000	3,6012268
70,6000000	3,6074829
70,7000000	3,6137390
70,8000000	3,6196899
70,9000000	3,6260986
71,0000000	3,6322021
71,1000000	3,6383057
71,2000000	3,6445618
71,3000000	3,6500549
71,4000000	3,6563110
71,5000000	3,6622620
71,6000000	3,6682129
71,7000000	3,6740112
71,8000000	3,6795044
71,9000000	3,6848450
72,0000000	3,6909485
72,1000000	3,6968994
72,2000000	3,7019348
72,3000000	3,7080383
72,4000000	3,7138367
72,5000000	3,7193298
72,6000000	3,7248230
72,7000000	3,7301636
72,8000000	3,7356567
72,9000000	3,7414551
73,0000000	3,7467957
73,1000000	3,7519836
73,2000000	3,7577820
73,3000000	3,7632751
73,4000000	3,7683105
73,5000000	3,7738037
73,6000000	3,7794495
73,7000000	3,7849426
73,8000000	3,7902832
73,9000000	3,7956238
74,0000000	3,8009644
74,1000000	3,8064575
74,2000000	3,8117981
74,3000000	3,8172913
74,4000000	3,8224792
74,5000000	3,8276672
74,6000000	3,8325500
74,7000000	3,8372803
74,8000000	3,8423157
74,9000000	3,8479614
75,0000000	3,8526917
75,1000000	3,8572693
75,2000000	3,8624573
75,3000000	3,8673401
75,4000000	3,8726807
75,5000000	3,8777161
75,6000000	3,8825989
75,7000000	3,8877869
75,8000000	3,8925171
75,9000000	3,8975525
76,0000000	3,9021301
76,1000000	3,9070129
76,2000000	3,9120483
76,3000000	3,9169312
76,4000000	3,9218140
76,5000000	3,9268494
76,6000000	3,9317322
76,7000000	3,9367676
76,8000000	3,9411926
76,9000000	3,9460754
77,0000000	3,9509583
77,1000000	3,9553833
77,2000000	3,9602661
77,3000000	3,9651489
77,4000000	3,9697266
77,5000000	3,9750671
77,6000000	3,9794922
77,7000000	3,9837646
77,8000000	3,9892578
77,9000000	3,9936829
78,0000000	3,9981079
78,1000000	4,0032959
78,2000000	4,0074158
78,3000000	4,0122986
78,4000000	4,0168762
78,5000000	4,0214539
78,6000000	4,0260315
78,7000000	4,0310669
78,8000000	4,0354919
78,9000000	4,0399170
79,0000000	4,0444946
79,1000000	4,0489197
79,2000000	4,0538025
79,3000000	4,0582275
79,4000000	4,0620422
79,5000000	4,0673828
79,6000000	4,0721130
79,7000000	4,0759277
79,8000000	4,0803528
79,9000000	4,0853882
0,0000000	0,0154114
0,0000000	0,0154114
0,0000000	0,0151062
0,0000000	0,0152588
0,0000000	0,0151062
0,0000000	0,0152588
0,0000000	0,0154114
0,0000000	0,0152588
0,0000000	0,0151062
0,0000000	0,0152588
0,0000000	0,0152588
0,0000000	0,0149536
0,0000000	0,0152588
0,0000000	0,0155640
0,0000000	0,0154114
0,0000000	0,0151062
0,0000000	0,0152588
0,0000000	0,0151062
0,0000000	0,0148010
0,0000000	0,0152588
0,0000000	0,0155640
0,0000000	0,0152588
0,0000000	0,0152588
0,0000000	0,0151062
0,0000000	0,0155640
0,0000000	0,0155640
0,0000000	0,0151062
0,0000000	0,0152588
0,0000000	0,0154114
0,0000000	0,0154114
0,0000000	0,0149536
0,0000000	0,0151062
0,0000000	0,0155640
0,0000000	0,0151062
0,0000000	0,0152588
0,0000000	0,0152588
0,0000000	0,0154114
0,0000000	0,0151062
0,0000000	0,0151062
0,0000000	0,0154114
0,0000000	0,0152588
0,0000000	0,0152588
0,0000000	0,0152588
0,0000000	0,0152588
0,0000000	0,0152588
0,0000000	0,0154114
0,0000000	0,0152588
0,0000000	0,0154114
0,0000000	0,0151062
0,0000000	0,0155640
0,0000000	0,0152588
0,0000000	0,0151062
0,0000000	0,0152588
0,0000000	0,0151062
0,0000000	0,0152588
0,0000000	0,0152588
0,0000000	0,0149536
0,0000000	0,0151062
0,0000000	0,0149536
0,0000000	0,0152588
0,0000000	0,0152588
0,0000000	0,0151062
0,0000000	0,0154114
0,0000000	0,0151062
0,0000000	0,0151062
0,0000000	0,0152588
0,0000000	0,0154114
0,0000000	0,0151062
0,0000000	0,0151062
0,0000000	0,0151062
0,0000000	0,0149536
0,0000000	0,0154114
0,0000000	0,0151062
0,0000000	0,0152588
0,0000000	0,0152588
0,0000000	0,0154114
0,0000000	0,0152588
0,0000000	0,0151062
0,0000000	0,0154114
0,0000000	0,0152588
0,0000000	0,0152588
0,0000000	0,0154114
0,0000000	0,0152588
0,0000000	0,0154114
0,0000000	0,0154114
0,0000000	0,0154114
0,0000000	0,0152588
0,0000000	0,0152588
0,0000000	0,0151062
0,0000000	0,0146484
0,0000000	0,0149536
0,0000000	0,0154114
0,0000000	0,0154114
0,0000000	0,0154114
0,0000000	0,0152588
0,0000000	0,0154114
0,0000000	0,0152588
0,0000000	0,0151062
0,0000000	0,0151062
0,0000000	0,0148010
0,0000000	0,0151062
0,0000000	0,0151062
0,0000000	0,0152588
0,0000000	0,0149536
0,0000000	0,0151062
0,0000000	0,0151062
0,0000000	0,0149536
0,0000000	0,0152588
0,0000000	0,0152588
0,0000000	0,0155640
0,0000000	0,0152588
0,0000000	0,0151062
0,0000000	0,0149536
0,0000000	0,0152588
0,0000000	0,0149536
0,0000000	0,0151062
0,0000000	0,0152588
0,0000000	0,0151062
0,0000000	0,0151062
0,0000000	0,0152588
0,0000000	0,0151062
0,0000000	0,0152588
0,0000000	0,0152588
0,0000000	0,0149536
0,0000000	0,0151062
0,0000000	0,0151062
0,0000000	0,0151062
0,0000000	0,0154114
0,0000000	0,0154114
0,0000000	0,0154114
0,0000000	0,0151062
0,0000000	0,0154114
0,0000000	0,0152588
0,0000000	0,0152588
0,0000000	0,0154114
0,0000000	0,0151062
0,0000000	0,0154114
0,0000000	0,0151062
0,0000000	0,0152588
0,0000000	0,0152588
0,0000000	0,0151062
0,0000000	0,0151062
0,0000000	0,0151062
0,0000000	0,0152588
0,0000000	0,0151062
0,0000000	0,0152588
0,0000000	0,0154114
0,0000000	0,0149536
0,0000000	0,0155640
0,0000000	0,0152588
0,0000000	0,0152588
0,0000000	0,0152588
0,0000000	0,0151062
0,0000000	0,0152588
0,0000000	0,0151062
0,0000000	0,0154114
0,0000000	0,0154114
0,0000000	0,0152588
0,0000000	0,0151062
0,0000000	0,0152588
0,0000000	0,0154114
0,0000000	0,0148010
0,0000000	0,0151062
0,0000000	0,0149536
0,0000000	0,0151062
0,0000000	0,0151062
0,0000000	0,0152588
0,0000000	0,0149536
0,0000000	0,0154114
0,0000000	0,0152588
0,0000000	0,0151062
0,0000000	0,0152588
0,0000000	0,0152588
0,0000000	0,0152588
0,0000000	0,0152588
0,0000000	0,0154114
0,0000000	0,0152588
0,0000000	0,0152588
0,0000000	0,0151062
0,0000000	0,0151062
0,0000000	0,0152588
0,0000000	0,0152588
0,0000000	0,0149536
0,0000000	0,0151062
0,0000000	0,0152588
0,0000000	0,0151062
0,0000000	0,0154114
0,0000000	0,0149536
0,0000000	0,0152588
0,0000000	0,0149536
0,0000000	0,0151062
0,0000000	0,0152588
0,0000000	0,0154114
0,0000000	0,0149536
0,0000000	0,0152588
0,0000000	0,0151062
0,0000000	0,0154114
0,0000000	0,0152588
0,0000000	0,0154114
0,0000000	0,0152588
