0,0000000	0,0146484
0,1000000	0,0144958
0,2000000	0,0149536
0,3000000	0,0146484
0,4000000	0,0146484
0,5000000	0,0146484
0,6000000	0,0146484
0,7000000	0,0144958
0,8000000	0,0146484
0,9000000	0,0146484
1,0000000	0,0146484
1,1000000	0,0144958
1,2000000	0,0148010
1,3000000	0,0148010
1,4000000	0,0146484
1,5000000	0,0146484
1,6000000	0,0148010
1,7000000	0,0148010
1,8000000	0,0144958
1,9000000	0,0146484
2,0000000	0,0148010
2,1000000	0,0148010
2,2000000	0,0151062
2,3000000	0,0144958
2,4000000	0,0149536
2,5000000	0,0148010
2,6000000	0,0148010
2,7000000	0,0149536
2,8000000	0,0149536
2,9000000	0,0149536
3,0000000	0,0149536
3,1000000	0,0148010
3,2000000	0,0152588
3,3000000	0,0152588
3,4000000	0,0149536
3,5000000	0,0149536
3,6000000	0,0151062
3,7000000	0,0154114
3,8000000	0,0152588
3,9000000	0,0158691
4,0000000	0,0177002
4,1000000	0,0195312
4,2000000	0,0218201
4,3000000	0,0238037
4,4000000	0,0259399
4,5000000	0,0280762
4,6000000	0,0302124
4,7000000	0,0320435
4,8000000	0,0338745
4,9000000	0,0354004
5,0000000	0,0366211
5,1000000	0,0381470
5,2000000	0,0393677
5,3000000	0,0405884
5,4000000	0,0416565
5,5000000	0,0425720
5,6000000	0,0445557
5,7000000	0,0456238
5,8000000	0,0468445
5,9000000	0,0488281
6,0000000	0,0505066
6,1000000	0,0526428
6,2000000	0,0547791
6,3000000	0,0572205
6,4000000	0,0601196
6,5000000	0,0631714
6,6000000	0,0662231
6,7000000	0,0700378
6,8000000	0,0737000
6,9000000	0,0779724
7,0000000	0,0817871
7,1000000	0,0862122
7,2000000	0,0901794
7,3000000	0,0956726
7,4000000	0,0999451
7,5000000	0,1042175
7,6000000	0,1083374
7,7000000	0,1124573
7,8000000	0,1161194
7,9000000	0,1196289
8,0000000	0,1226807
8,1000000	0,1251221
8,2000000	0,1275635
8,3000000	0,1295471
8,4000000	0,1306152
8,5000000	0,1315308
8,6000000	0,1321411
8,7000000	0,1316833
8,8000000	0,1312256
8,9000000	0,1301575
9,0000000	0,1292419
9,1000000	0,1277161
9,2000000	0,1260376
9,3000000	0,1242065
9,4000000	0,1229858
9,5000000	0,1210022
9,6000000	0,1197815
9,7000000	0,1188660
9,8000000	0,1181030
9,9000000	0,1182556
10,0000000	0,1188660
10,1000000	0,1199341
10,2000000	0,1217651
10,3000000	0,1245117
10,4000000	0,1278687
10,5000000	0,1316833
10,6000000	0,1361084
10,7000000	0,1412964
10,8000000	0,1469421
10,9000000	0,1538086
11,0000000	0,1606750
11,1000000	0,1683044
11,2000000	0,1763916
11,3000000	0,1841736
11,4000000	0,1919556
11,5000000	0,2000427
11,6000000	0,2070618
11,7000000	0,2137756
11,8000000	0,2198792
11,9000000	0,2250671
12,0000000	0,2297974
12,1000000	0,2328491
12,2000000	0,2352905
12,3000000	0,2369690
12,4000000	0,2371216
12,5000000	0,2365112
12,6000000	0,2343750
12,7000000	0,2313232
12,8000000	0,2278137
12,9000000	0,2233887
13,0000000	0,2188110
13,1000000	0,2133179
13,2000000	0,2079773
13,3000000	0,2026367
13,4000000	0,1977539
13,5000000	0,1934814
13,6000000	0,1898193
13,7000000	0,1869202
13,8000000	0,1852417
13,9000000	0,1849365
14,0000000	0,1855469
14,1000000	0,1879883
14,2000000	0,1918030
14,3000000	0,1969910
14,4000000	0,2041626
14,5000000	0,2119446
14,6000000	0,2214050
14,7000000	0,2310181
14,8000000	0,2415466
14,9000000	0,2528381
15,0000000	0,2648926
15,1000000	0,2755737
15,2000000	0,2874756
15,3000000	0,2986145
15,4000000	0,3082275
15,5000000	0,3169250
15,6000000	0,3237915
15,7000000	0,3289795
15,8000000	0,3329468
15,9000000	0,3347778
16,0000000	0,3350830
16,1000000	0,3332520
16,2000000	0,3295898
16,3000000	0,3247070
16,4000000	0,3182983
16,5000000	0,3097534
16,6000000	0,3015137
16,7000000	0,2926636
16,8000000	0,2825928
16,9000000	0,2740479
17,0000000	0,2655029
17,1000000	0,2581787
17,2000000	0,2519226
17,3000000	0,2481079
17,4000000	0,2453613
17,5000000	0,2453613
17,6000000	0,2474976
17,7000000	0,2519226
17,8000000	0,2590942
17,9000000	0,2668762
18,0000000	0,2764893
18,1000000	0,2886963
18,2000000	0,3024292
18,3000000	0,3164673
18,4000000	0,3329468
18,5000000	0,3500366
18,6000000	0,3662109
18,7000000	0,3807068
18,8000000	0,3942871
18,9000000	0,4046631
19,0000000	0,4129028
19,1000000	0,4190063
19,2000000	0,4229736
19,3000000	0,4249573
19,4000000	0,4240417
19,5000000	0,4206848
19,6000000	0,4145813
19,7000000	0,4052734
19,8000000	0,3952026
19,9000000	0,3833008
20,0000000	0,3698730
20,1000000	0,3562927
20,2000000	0,3431702
20,3000000	0,3314209
20,4000000	0,3204346
20,5000000	0,3109741
20,6000000	0,3044128
20,7000000	0,3002930
20,8000000	0,2990723
20,9000000	0,3013611
21,0000000	0,3065491
21,1000000	0,3150940
21,2000000	0,3266907
21,3000000	0,3408813
21,4000000	0,3572083
21,5000000	0,3753662
21,6000000	0,3944397
21,7000000	0,4142761
21,8000000	0,4330444
21,9000000	0,4512024
22,0000000	0,4669189
22,1000000	0,4817200
22,2000000	0,4934692
22,3000000	0,5014038
22,4000000	0,5064392
22,5000000	0,5072021
22,6000000	0,5038452
22,7000000	0,4966736
22,8000000	0,4869080
22,9000000	0,4733276
23,0000000	0,4579163
23,1000000	0,4421997
23,2000000	0,4260254
23,3000000	0,4098511
23,4000000	0,3938293
23,5000000	0,3794861
23,6000000	0,3668213
23,7000000	0,3565979
23,8000000	0,3503418
23,9000000	0,3482056
24,0000000	0,3503418
24,1000000	0,3567505
24,2000000	0,3671265
24,3000000	0,3813171
24,4000000	0,3990173
24,5000000	0,4188538
24,6000000	0,4409790
24,7000000	0,4641724
24,8000000	0,4870605
24,9000000	0,5085754
25,0000000	0,5297852
25,1000000	0,5476379
25,2000000	0,5616760
25,3000000	0,5725098
25,4000000	0,5783081
25,5000000	0,5790710
25,6000000	0,5761719
25,7000000	0,5679321
25,8000000	0,5557251
25,9000000	0,5401611
26,0000000	0,5212402
26,1000000	0,5007935
26,2000000	0,4797363
26,3000000	0,4573059
26,4000000	0,4379272
26,5000000	0,4202271
26,6000000	0,4046631
26,7000000	0,3950500
26,8000000	0,3907776
26,9000000	0,3906250
27,0000000	0,3945923
27,1000000	0,4042053
27,2000000	0,4182434
27,3000000	0,4365540
27,4000000	0,4592896
27,5000000	0,4837036
27,6000000	0,5110168
27,7000000	0,5381775
27,8000000	0,5639648
27,9000000	0,5871582
28,0000000	0,6076050
28,1000000	0,6230164
28,2000000	0,6338501
28,3000000	0,6391907
28,4000000	0,6387329
28,5000000	0,6330872
28,6000000	0,6211853
28,7000000	0,6057739
28,8000000	0,5859375
28,9000000	0,5624390
29,0000000	0,5383301
29,1000000	0,5128479
29,2000000	0,4890442
29,3000000	0,4669189
29,4000000	0,4490662
29,5000000	0,4348755
29,6000000	0,4267883
29,7000000	0,4241943
29,8000000	0,4280090
29,9000000	0,4380798
30,0000000	0,4542542
30,1000000	0,4742432
30,2000000	0,4994202
30,3000000	0,5282593
30,4000000	0,5578613
30,5000000	0,5871582
30,6000000	0,6156921
30,7000000	0,6402588
30,8000000	0,6616211
30,9000000	0,6781006
31,0000000	0,6886292
31,1000000	0,6929016
31,2000000	0,6903076
31,3000000	0,6816101
31,4000000	0,6661987
31,5000000	0,6452942
31,6000000	0,6214905
31,7000000	0,5944824
31,8000000	0,5662537
31,9000000	0,5392456
32,0000000	0,5131531
32,1000000	0,4913330
32,2000000	0,4745483
32,3000000	0,4641724
32,4000000	0,4603577
32,5000000	0,4646301
32,6000000	0,4753113
32,7000000	0,4931641
32,8000000	0,5174255
32,9000000	0,5464172
33,0000000	0,5789185
33,1000000	0,6127930
33,2000000	0,6472778
33,3000000	0,6793213
33,4000000	0,7077026
33,5000000	0,7319641
33,6000000	0,7496643
33,7000000	0,7598877
33,8000000	0,7626343
33,9000000	0,7568359
34,0000000	0,7440186
34,1000000	0,7237244
34,2000000	0,6987000
34,3000000	0,6690979
34,4000000	0,6373596
34,5000000	0,6033325
34,6000000	0,5731201
34,7000000	0,5465698
34,8000000	0,5274963
34,9000000	0,5157471
35,0000000	0,5108643
35,1000000	0,5143738
35,2000000	0,5252075
35,3000000	0,5442810
35,4000000	0,5720520
35,5000000	0,6059265
35,6000000	0,6442261
35,7000000	0,6842041
35,8000000	0,7254028
35,9000000	0,7627869
36,0000000	0,7952881
36,1000000	0,8232117
36,2000000	0,8413696
36,3000000	0,8508301
36,4000000	0,8503723
36,5000000	0,8410645
36,6000000	0,8235168
36,7000000	0,7972717
36,8000000	0,7656860
36,9000000	0,7304382
37,0000000	0,6925964
37,1000000	0,6568909
37,2000000	0,6243896
37,3000000	0,5973816
37,4000000	0,5778503
37,5000000	0,5682373
37,6000000	0,5682373
37,7000000	0,5787659
37,8000000	0,5990601
37,9000000	0,6282043
38,0000000	0,6652832
38,1000000	0,7070923
38,2000000	0,7519531
38,3000000	0,7977295
38,4000000	0,8412170
38,5000000	0,8793640
38,6000000	0,9089661
38,7000000	0,9288025
38,8000000	0,9367371
38,9000000	0,9336853
39,0000000	0,9204102
39,1000000	0,8990479
39,2000000	0,8702087
39,3000000	0,8338928
39,4000000	0,7940674
39,5000000	0,7521057
39,6000000	0,7107544
39,7000000	0,6745911
39,8000000	0,6448364
39,9000000	0,6251526
40,0000000	0,6181335
40,1000000	0,6228638
40,2000000	0,6391907
40,3000000	0,6669617
40,4000000	0,7048035
40,5000000	0,7479858
40,6000000	0,7969666
40,7000000	0,8465576
40,8000000	0,8944702
40,9000000	0,9378052
41,0000000	0,9739685
41,1000000	0,9986877
41,2000000	1,0121155
41,3000000	1,0128784
41,4000000	1,0011292
41,5000000	0,9774780
41,6000000	0,9436035
41,7000000	0,9019470
41,8000000	0,8563232
41,9000000	0,8079529
42,0000000	0,7624817
42,1000000	0,7221985
42,2000000	0,6907654
42,3000000	0,6704712
42,4000000	0,6629944
42,5000000	0,6710815
42,6000000	0,6939697
42,7000000	0,7292175
42,8000000	0,7736206
42,9000000	0,8201599
43,0000000	0,8706665
43,1000000	0,9213257
43,2000000	0,9713745
43,3000000	1,0151672
43,4000000	1,0514832
43,5000000	1,0746765
43,6000000	1,0847473
43,7000000	1,0786438
43,8000000	1,0585022
43,9000000	1,0252380
44,0000000	0,9829712
44,1000000	0,9329224
44,2000000	0,8799744
44,3000000	0,8293152
44,4000000	0,7832336
44,5000000	0,7449341
44,6000000	0,7192993
44,7000000	0,7073975
44,8000000	0,7101440
44,9000000	0,7286072
45,0000000	0,7612610
45,1000000	0,8058167
45,2000000	0,8584595
45,3000000	0,9179687
45,4000000	0,9757996
45,5000000	1,0325623
45,6000000	1,0816956
45,7000000	1,1190796
45,8000000	1,1422729
45,9000000	1,1509705
46,0000000	1,1424255
46,1000000	1,1209106
46,2000000	1,0821533
46,3000000	1,0350037
46,4000000	0,9791565
46,5000000	0,9187317
46,6000000	0,8618164
46,7000000	0,8128357
46,8000000	0,7746887
46,9000000	0,7527161
47,0000000	0,7469177
47,1000000	0,7571411
47,2000000	0,7850647
47,3000000	0,8280945
47,4000000	0,8819580
47,5000000	0,9419250
47,6000000	1,0061646
47,7000000	1,0688782
47,8000000	1,1239624
47,9000000	1,1695862
48,0000000	1,1991882
48,1000000	1,2135315
48,2000000	1,2095642
48,3000000	1,1880493
48,4000000	1,1517334
48,5000000	1,0997009
48,6000000	1,0423279
48,7000000	0,9806824
48,8000000	0,9169006
48,9000000	0,8642578
49,0000000	0,8216858
49,1000000	0,7934570
49,2000000	0,7841492
49,3000000	0,7934570
49,4000000	0,8209229
49,5000000	0,8644104
49,6000000	0,9204102
49,7000000	0,9858704
49,8000000	1,0552979
49,9000000	1,1210632
50,0000000	1,1808777
50,1000000	1,2286377
50,2000000	1,2609863
50,3000000	1,2742615
50,4000000	1,2670898
50,5000000	1,2406921
50,6000000	1,1987305
50,7000000	1,1451721
50,8000000	1,0812378
50,9000000	1,0139465
51,0000000	0,9515381
51,1000000	0,8944702
51,2000000	0,8525085
51,3000000	0,8282471
51,4000000	0,8230591
51,5000000	0,8387756
51,6000000	0,8732605
51,7000000	0,9268188
51,8000000	0,9902954
51,9000000	1,0626221
52,0000000	1,1352539
52,1000000	1,2040710
52,2000000	1,2622070
52,3000000	1,3052368
52,4000000	1,3282776
52,5000000	1,3313293
52,6000000	1,3117981
52,7000000	1,2731934
52,8000000	1,2185669
52,9000000	1,1528015
53,0000000	1,0807800
53,1000000	1,0104370
53,2000000	0,9466553
53,3000000	0,8982849
53,4000000	0,8662415
53,5000000	0,8557129
53,6000000	0,8676147
53,7000000	0,9020996
53,8000000	0,9544373
53,9000000	1,0205078
54,0000000	1,0986328
54,1000000	1,1755371
54,2000000	1,2484741
54,3000000	1,3136292
54,4000000	1,3577271
54,5000000	1,3832092
54,6000000	1,3861084
54,7000000	1,3658142
54,8000000	1,3243103
54,9000000	1,2649536
55,0000000	1,1950684
55,1000000	1,1190796
55,2000000	1,0446167
55,3000000	0,9791565
55,4000000	0,9289551
55,5000000	0,8987427
55,6000000	0,8920288
55,7000000	0,9095764
55,8000000	0,9503174
55,9000000	1,0089111
56,0000000	1,0835266
56,1000000	1,1640930
56,2000000	1,2452698
56,3000000	1,3211060
56,4000000	1,3816833
56,5000000	1,4215088
56,6000000	1,4401245
56,7000000	1,4328003
56,8000000	1,4022827
56,9000000	1,3507080
57,0000000	1,2808228
57,1000000	1,2028503
57,2000000	1,1222839
57,3000000	1,0461426
57,4000000	0,9849548
57,5000000	0,9416199
57,6000000	0,9228516
57,7000000	0,9300232
57,8000000	0,9620667
57,9000000	1,0173035
58,0000000	1,0903931
58,1000000	1,1744690
58,2000000	1,2605286
58,3000000	1,3464355
58,4000000	1,4166260
58,5000000	1,4624023
58,6000000	1,4872742
58,7000000	1,4857483
58,8000000	1,4595032
58,9000000	1,4079285
59,0000000	1,3380432
59,1000000	1,2586975
59,2000000	1,1705017
59,3000000	1,0905457
59,4000000	1,0232544
59,5000000	0,9762573
59,6000000	0,9530640
59,7000000	0,9579468
59,8000000	0,9902954
59,9000000	1,0469055
60,0000000	1,1238098
60,1000000	1,2109375
60,2000000	1,3009644
60,3000000	1,3865662
60,4000000	1,4578247
60,5000000	1,5084839
60,6000000	1,5328979
60,7000000	1,5287781
60,8000000	1,4978027
60,9000000	1,4404297
61,0000000	1,3653564
61,1000000	1,2802124
61,2000000	1,1888123
61,3000000	1,1064148
61,4000000	1,0403442
61,5000000	0,9948730
61,6000000	0,9779358
61,7000000	0,9909058
61,8000000	1,0330200
61,9000000	1,0980225
62,0000000	1,1808777
62,1000000	1,2734985
62,2000000	1,3677979
62,3000000	1,4529419
62,4000000	1,5209961
62,5000000	1,5609741
62,6000000	1,5718079
62,7000000	1,5544128
62,8000000	1,5090942
62,9000000	1,4408875
63,0000000	1,3545227
63,1000000	1,2605286
63,2000000	1,1694336
63,3000000	1,0908508
63,4000000	1,0337830
63,5000000	1,0021973
63,6000000	1,0025024
63,7000000	1,0330200
63,8000000	1,0922241
63,9000000	1,1732483
64,0000000	1,2646484
64,1000000	1,3656616
64,2000000	1,4556885
64,3000000	1,5301514
64,4000000	1,5821838
64,5000000	1,6055298
64,6000000	1,5975952
64,7000000	1,5580750
64,8000000	1,4913940
64,9000000	1,4067078
65,0000000	1,3121033
65,1000000	1,2165833
65,2000000	1,1320496
65,3000000	1,0679626
65,4000000	1,0310364
65,5000000	1,0264587
65,6000000	1,0543823
65,7000000	1,1106873
65,8000000	1,1952209
65,9000000	1,2936401
66,0000000	1,3928223
66,1000000	1,4930725
66,2000000	1,5769958
66,3000000	1,6319275
66,4000000	1,6548157
66,5000000	1,6415405
66,6000000	1,5957642
66,7000000	1,5208435
66,8000000	1,4317322
66,9000000	1,3359070
67,0000000	1,2384033
67,1000000	1,1520386
67,2000000	1,0906982
67,3000000	1,0609436
67,4000000	1,0659790
67,5000000	1,1065674
67,6000000	1,1767578
67,7000000	1,2709045
67,8000000	1,3771057
67,9000000	1,4860535
68,0000000	1,5834045
68,1000000	1,6580200
68,2000000	1,7059326
68,3000000	1,7156982
68,4000000	1,6845703
68,5000000	1,6203308
68,6000000	1,5338135
68,7000000	1,4306641
68,8000000	1,3232422
68,9000000	1,2278748
69,0000000	1,1508179
69,1000000	1,1087036
69,2000000	1,1018372
69,3000000	1,1332703
69,4000000	1,1990356
69,5000000	1,2905884
69,6000000	1,4004517
69,7000000	1,5159607
69,8000000	1,6206360
69,9000000	1,7047119
70,0000000	1,7594910
70,1000000	1,7773437
70,2000000	1,7581177
70,3000000	1,6995239
70,4000000	1,6157532
70,5000000	1,5078735
70,6000000	1,3972473
70,7000000	1,2908936
70,8000000	1,2063599
70,9000000	1,1517334
71,0000000	1,1340332
71,1000000	1,1563110
71,2000000	1,2152100
71,3000000	1,3090515
71,4000000	1,4207458
71,5000000	1,5361023
71,6000000	1,6534424
71,7000000	1,7433167
71,8000000	1,8002319
71,9000000	1,8302917
72,0000000	1,8212891
72,1000000	1,7765808
72,2000000	1,6999817
72,3000000	1,6015625
72,4000000	1,4900208
72,5000000	1,3761902
72,6000000	1,2745667
72,7000000	1,2046814
72,8000000	1,1695862
72,9000000	1,1772156
73,0000000	1,2251282
73,1000000	1,3093567
73,2000000	1,4170837
73,3000000	1,5394592
73,4000000	1,6609192
73,5000000	1,7634583
73,6000000	1,8389893
73,7000000	1,8778992
73,8000000	1,8743896
73,9000000	1,8281555
74,0000000	1,7460632
74,1000000	1,6397095
74,2000000	1,5130615
74,3000000	1,3902283
74,4000000	1,2928772
74,5000000	1,2254333
74,6000000	1,1981201
74,7000000	1,2142944
74,8000000	1,2707520
74,9000000	1,3633728
75,0000000	1,4791870
75,1000000	1,6044617
75,2000000	1,7303467
75,3000000	1,8309021
75,4000000	1,9004822
75,5000000	1,9285583
75,6000000	1,9117737
75,7000000	1,8521118
75,8000000	1,7579651
75,9000000	1,6390991
76,0000000	1,5103149
76,1000000	1,3954163
76,2000000	1,2992859
76,3000000	1,2403870
76,4000000	1,2272644
76,5000000	1,2605286
76,6000000	1,3356018
76,7000000	1,4413452
76,8000000	1,5704346
76,9000000	1,7039490
77,0000000	1,8205261
77,1000000	1,9122314
77,2000000	1,9644165
77,3000000	1,9697571
77,4000000	1,9290161
77,5000000	1,8443298
77,6000000	1,7333984
77,7000000	1,6035461
77,8000000	1,4741516
77,9000000	1,3650513
78,0000000	1,2878418
78,1000000	1,2547302
78,2000000	1,2715149
78,3000000	1,3359070
78,4000000	1,4340210
78,5000000	1,5602112
78,6000000	1,6964722
78,7000000	1,8234253
78,8000000	1,9311523
78,9000000	1,9979858
79,0000000	2,0166016
79,1000000	1,9845581
79,2000000	1,9075012
79,3000000	1,7988586
79,4000000	1,6682434
79,5000000	1,5309143
79,6000000	1,4151001
79,7000000	1,3270569
79,8000000	1,2825012
79,9000000	1,2892151
0,0000000	0,0146484
0,0000000	0,0143433
0,0000000	0,0151062
0,0000000	0,0148010
0,0000000	0,0146484
0,0000000	0,0148010
0,0000000	0,0148010
0,0000000	0,0144958
0,0000000	0,0144958
0,0000000	0,0146484
0,0000000	0,0144958
0,0000000	0,0144958
0,0000000	0,0146484
0,0000000	0,0144958
0,0000000	0,0143433
0,0000000	0,0143433
0,0000000	0,0146484
0,0000000	0,0146484
0,0000000	0,0146484
0,0000000	0,0146484
0,0000000	0,0144958
0,0000000	0,0146484
0,0000000	0,0146484
0,0000000	0,0146484
0,0000000	0,0148010
0,0000000	0,0143433
0,0000000	0,0143433
0,0000000	0,0144958
0,0000000	0,0146484
0,0000000	0,0143433
0,0000000	0,0144958
0,0000000	0,0146484
0,0000000	0,0144958
0,0000000	0,0144958
0,0000000	0,0146484
0,0000000	0,0146484
0,0000000	0,0143433
0,0000000	0,0144958
0,0000000	0,0148010
0,0000000	0,0146484
0,0000000	0,0148010
0,0000000	0,0146484
0,0000000	0,0146484
0,0000000	0,0146484
0,0000000	0,0148010
0,0000000	0,0143433
0,0000000	0,0144958
0,0000000	0,0146484
0,0000000	0,0144958
0,0000000	0,0144958
0,0000000	0,0144958
0,0000000	0,0144958
0,0000000	0,0144958
0,0000000	0,0144958
0,0000000	0,0144958
0,0000000	0,0143433
0,0000000	0,0146484
0,0000000	0,0144958
0,0000000	0,0143433
0,0000000	0,0144958
0,0000000	0,0148010
0,0000000	0,0143433
0,0000000	0,0144958
0,0000000	0,0144958
0,0000000	0,0144958
0,0000000	0,0144958
0,0000000	0,0144958
0,0000000	0,0144958
0,0000000	0,0144958
0,0000000	0,0143433
0,0000000	0,0148010
0,0000000	0,0144958
0,0000000	0,0144958
0,0000000	0,0146484
0,0000000	0,0144958
0,0000000	0,0144958
0,0000000	0,0146484
0,0000000	0,0146484
0,0000000	0,0144958
0,0000000	0,0143433
0,0000000	0,0143433
0,0000000	0,0146484
0,0000000	0,0148010
0,0000000	0,0143433
0,0000000	0,0144958
0,0000000	0,0144958
0,0000000	0,0143433
0,0000000	0,0146484
0,0000000	0,0144958
0,0000000	0,0144958
0,0000000	0,0146484
0,0000000	0,0148010
0,0000000	0,0148010
0,0000000	0,0146484
0,0000000	0,0148010
0,0000000	0,0143433
0,0000000	0,0146484
0,0000000	0,0143433
0,0000000	0,0143433
0,0000000	0,0140381
0,0000000	0,0146484
0,0000000	0,0146484
0,0000000	0,0143433
0,0000000	0,0143433
0,0000000	0,0144958
0,0000000	0,0146484
0,0000000	0,0143433
0,0000000	0,0146484
0,0000000	0,0143433
0,0000000	0,0144958
0,0000000	0,0146484
0,0000000	0,0144958
0,0000000	0,0144958
0,0000000	0,0146484
0,0000000	0,0146484
0,0000000	0,0144958
0,0000000	0,0146484
0,0000000	0,0148010
0,0000000	0,0146484
0,0000000	0,0143433
0,0000000	0,0144958
0,0000000	0,0144958
0,0000000	0,0149536
0,0000000	0,0148010
0,0000000	0,0146484
0,0000000	0,0144958
0,0000000	0,0146484
0,0000000	0,0146484
0,0000000	0,0144958
0,0000000	0,0143433
0,0000000	0,0146484
0,0000000	0,0148010
0,0000000	0,0144958
0,0000000	0,0146484
0,0000000	0,0146484
0,0000000	0,0148010
0,0000000	0,0148010
0,0000000	0,0146484
0,0000000	0,0144958
0,0000000	0,0144958
0,0000000	0,0146484
0,0000000	0,0146484
0,0000000	0,0148010
0,0000000	0,0146484
0,0000000	0,0144958
0,0000000	0,0141907
0,0000000	0,0144958
0,0000000	0,0146484
0,0000000	0,0146484
0,0000000	0,0144958
0,0000000	0,0146484
0,0000000	0,0144958
0,0000000	0,0148010
0,0000000	0,0148010
0,0000000	0,0144958
0,0000000	0,0146484
0,0000000	0,0144958
0,0000000	0,0141907
0,0000000	0,0146484
0,0000000	0,0144958
0,0000000	0,0146484
0,0000000	0,0146484
0,0000000	0,0144958
0,0000000	0,0146484
0,0000000	0,0144958
0,0000000	0,0144958
0,0000000	0,0146484
0,0000000	0,0144958
0,0000000	0,0143433
0,0000000	0,0146484
0,0000000	0,0144958
0,0000000	0,0146484
0,0000000	0,0148010
0,0000000	0,0146484
0,0000000	0,0146484
0,0000000	0,0146484
0,0000000	0,0146484
0,0000000	0,0144958
0,0000000	0,0148010
0,0000000	0,0146484
0,0000000	0,0148010
0,0000000	0,0148010
0,0000000	0,0146484
0,0000000	0,0144958
0,0000000	0,0148010
0,0000000	0,0144958
0,0000000	0,0143433
0,0000000	0,0148010
0,0000000	0,0143433
0,0000000	0,0146484
0,0000000	0,0144958
0,0000000	0,0146484
0,0000000	0,0144958
0,0000000	0,0146484
0,0000000	0,0146484
0,0000000	0,0143433
0,0000000	0,0148010
0,0000000	0,0143433
0,0000000	0,0148010
0,0000000	0,0144958
