 22 3589.102176 3.660E-29 9.101E+00.06780.083 3721.33520.74-.004603       2 3 3 12       1 3 3 02                    P 37e     3666632431 9 9 711   146.0  150.0
 23 3589.113500 6.756E-30 5.978E-03.06530.073 2266.73460.74-.004071       3 1 1 01       0 2 2 01                    R 50f     3655532432 9 9 711   103.0  101.0
 22 3589.119278 2.670E-30 2.246E+01.07050.093 4363.76870.72-.004316       3 2 2 11       2 2 2 01                    P 25f     3666632431 9 9 711    98.0  102.0
 22 3589.119662 2.480E-30 1.774E+01.07660.104 4207.80210.68-.002971       2 1 1 22       1 1 1 12                    R 12e     3666632431 9 9 711    54.0   50.0
 21 3589.120585 1.048E-27 5.163E-03.06470.071 2497.16000.73-.005082       0 4 4 11       0 2 2 01                    P 54e     3655532429 9 9 711   107.0  109.0
 24 3589.126210 1.494E-29 4.611E-03.06510.072 1709.97270.74-.005031       0 3 3 11       0 1 1 01                    P 52f     3655532432 9 9 711   618.0  630.0
 24 3589.127613 3.431E-26 6.104E+00.06550.074 1592.59340.74-.005217       1 1 1 12       0 1 1 01                    R 49e     4765632432 9 9 711   606.0  594.0
 21 3589.129602 3.989E-30 8.607E-04.08620.118 2765.42360.69-.001227       3 3 3 01       1 2 2 01                    R  3f     3666632429 9 9 711     9.0    7.0
 22 3589.153629 5.650E-29 3.206E+01.07350.099 3751.23650.70-.003406       2 0 0 21       1 0 0 11                    R 17e     3666632431 9 9 711    74.0   70.0
 21 3589.165219 7.128E-27 3.155E-02.07020.092 2330.56900.73-.003051       3 2 2 01       1 1 1 01                    R 25e     3666632429 9 9 711    53.0   51.0
 21 3589.172865 9.199E-30 1.823E-05.07740.105 1993.57010.68-.004033       1 3 3 12       1 1 1 02                    P 12f     3666632429 9 9 711    23.0   25.0
 22 3589.174850 1.530E-27 2.099E+01.06970.090 3066.98870.73-.004386       3 0 0 11       2 0 0 01                    P 28e     3666632431 9 9 711   110.0  114.0
 21 3589.191227 3.956E-28 1.019E+01.05710.064 4340.15570.66-.006207       2 1 1 13       1 1 1 02                    R 78f     3555532433 9 9 711   159.0  157.0
 22 3589.192720 6.320E-30 1.776E+01.07400.100 4056.84610.70-.004132       3 2 2 12       2 2 2 02                    P 17f     3666632431 9 9 711    66.0   70.0
 22 3589.202281 6.150E-29 2.179E+01.06990.091 3728.33970.73-.004363       3 1 1 11       2 1 1 01                    P 27e     3366632430 9 9 711   106.0  110.0
 21 3589.203335 4.939E-29 9.964E+00.05460.064 4780.87060.63-.006394       2 1 1 13       1 1 1 02                    R 85e     3555532433 9 9 711   173.0  171.0
 22 3589.207082 6.450E-26 7.652E-03.06650.077  772.14730.74-.005048       0 2 2 11       0 0 0 01                    R 44e     3665632431 9 9 711   182.0  178.0
 21 3589.215630 1.147E-29 4.787E-02.06490.072 3880.28660.73-.003803       4 1 1 01       1 2 2 01                    P 53f     3655532429 9 9 711   105.0  107.0
 24 3589.218279 9.497E-29 1.135E+01.06080.066 2994.62180.69-.005878       2 0 0 13       1 0 0 02                    R 67e     4755532432 9 9 711   822.0  810.0
 21 3589.230228 1.735E-30 1.832E-04.06970.090 2990.80310.73-.004428       0 6 6 11       0 4 4 01                    P 28e     3666632429 9 9 711    55.0   57.0
 22 3589.230926 4.330E-30 1.535E+00.06990.091 3728.33960.73-.005381       0 4 4 21       2 1 1 01                    P 27e     3366632230 9 9 711   106.0  110.0
 21 3589.231142 3.309E-25 1.016E+01.06830.085 2783.34800.74-.004451       1 0 0 22       0 0 0 11                    R 33e     4666632429 9 9 711    69.0   67.0
 21 3589.251972 9.957E-29 1.055E-03.05920.065 2720.05710.68-.004751       2 2 2 01       0 1 1 01                    R 72f     3655532429 9 9 711   147.0  145.0
 21 3589.253219 1.330E-21 4.944E+00.07740.105  718.94190.68-.002872       1 1 1 12       0 1 1 01                    R 11e     3766632429 9 9 711    25.0   23.0
 24 3589.264678 3.434E-27 7.868E+00.06660.077 2092.29150.74-.004954       2 0 0 12       1 0 0 01                    R 43e     3765632432 9 9 711   534.0  522.0
 23 3589.268097 7.335E-30 2.322E-04.07400.100 1359.54400.70-.003362       1 2 2 12       1 0 0 02                    R 16e     3666632432 9 9 711    35.0   33.0
 23 3589.271654 3.560E-30 2.309E-04.07020.092 1584.51900.73-.004380       0 4 4 11       0 2 2 01                    P 26f     3366632430 9 9 711    51.0   53.0
 23 3589.273122 3.557E-30 2.307E-04.07020.092 1584.51750.73-.004380       0 4 4 11       0 2 2 01                    P 26e     3366632430 9 9 711    51.0   53.0
 23 3589.274152 2.508E-30 7.576E-03.06370.070 2545.54030.72-.004293       3 1 1 01       0 2 2 01                    R 57e     3655532432 9 9 711   117.0  115.0
 21 3589.278017 1.259E-29 2.266E-04.06700.079 2711.42410.75-.004680       2 1 1 12       0 3 3 01                    P 42f     3665632429 9 9 711    83.0   85.0
 22 3589.284636 7.740E-30 9.623E+00.07200.096 3933.73770.71-.004225       3 2 2 13       2 2 2 03                    P 21f     3666632431 9 9 711    82.0   86.0
 21 3589.297827 1.489E-30 1.468E+01.05460.064 5578.52480.63-.005781       3 0 0 12       2 0 0 02                    P 86e     3655532429 9 9 711   171.0  173.0
 22 3589.306665 6.140E-28 1.941E+01.08220.112 2941.98230.68-.003798       1 1 1 21       0 1 1 11                    P  7f     3666632431 9 9 711    26.0   30.0
 21 3589.325549 2.113E-29 2.193E-02.06210.068 3633.10820.71-.003997       3 2 2 01       0 3 3 01                    P 64f     3655532429 9 9 711   127.0  129.0
 23 3589.329633 1.141E-28 9.903E+00.06700.079 3165.74370.75-.004728       3 0 0 13       2 0 0 03                    P 42e     3665632432 9 9 711    83.0   85.0
 24 3589.335530 4.028E-26 6.146E+00.06570.074 1556.87280.74-.005175       1 1 1 12       0 1 1 01                    R 48f     4765632432 9 9 711   594.0  582.0
 22 3589.335850 1.890E-26 9.545E+00.06780.083 2445.93700.74-.004603       2 1 1 12       1 1 1 02                    P 37e     3666632431 9 9 711   146.0  150.0
 22 3589.342051 1.120E-26 1.614E+01.06730.080 2677.86680.75-.004678       2 1 1 11       1 1 1 01                    P 40f     3666632431 9 9 711   158.0  162.0
 21 3589.342952 4.488E-29 2.898E-01.05540.064 4065.52230.64-.004394       3 1 1 01       1 0 0 02                    P 84e     3655532429 9 9 711   167.0  169.0
 22 3589.351874 1.530E-28 9.828E+00.07120.095 3343.30600.72-.004271       3 1 1 13       2 1 1 03                    P 23e     3666632431 9 9 711    90.0   94.0
 21 3589.364529 5.104E-25 5.336E+00.06350.069 2673.79120.72-.005569       1 2 2 12       0 2 2 01                    R 58e     4755532429 9 9 711   119.0  117.0
 22 3589.372050 6.900E-30 1.791E+01.08010.109 3926.87980.68-.002543       4 0 0 13       3 0 0 03                    R  8e     3666632431 9 9 711    38.0   34.0
 23 3589.400023 7.013E-23 7.113E+00.06970.090  278.27970.73-.004102       1 0 0 12       0 0 0 01                    R 27e     3766632432 9 9 711    57.0   55.0
 21 3589.401651 2.113E-26 6.504E+00.06370.070 3366.17790.72-.005532       2 1 1 12       1 1 1 01                    R 57e     4655532429 9 9 711   117.0  115.0
 21 3589.409520 6.725E-27 3.176E-02.06990.091 2351.51260.73-.003105       3 2 2 01       1 1 1 01                    R 26f     3666632429 9 9 711    55.0   53.0
 24 3589.418751 2.015E-30 3.582E-02.06370.070 2566.48960.72-.003944       3 1 1 01       1 0 0 02                    P 58e     3655532432 9 9 711   690.0  702.0
 21 3589.420221 9.427E-29 1.482E-03.06710.080 2678.50570.75-.004750       0 5 5 11       0 3 3 01                    P 41e     3665632429 9 9 711    81.0   83.0
 23 3589.432584 7.869E-29 7.397E-03.06810.084 1723.04160.74-.003545       3 1 1 01       1 0 0 02                    P 35e     3666632432 9 9 711    69.0   71.0
 23 3589.451098 5.117E-27 1.216E-02.06490.072 1052.77180.73-.005056       0 2 2 11       0 0 0 01                    P 53e     4655532432 9 9 711   105.0  107.0
 21 3589.453478 4.221E-30 1.607E-02.06870.087 3756.19530.74-.003499       2 6 6 01       0 5 5 01                    P 32f     3666632429 9 9 711    63.0   65.0
 23 3589.457699 2.663E-28 4.966E+00.05330.063 3007.47200.62-.005865       1 0 0 11       0 0 0 01                    P 90e     3745432432 9 9 711   179.0  181.0
 24 3589.459985 1.866E-28 2.998E-02.06170.067 1621.94250.70-.005357       0 2 2 11       0 0 0 01                    P 65e     4655532432 9 9 711   774.0  786.0
 23 3589.467877 1.108E-30 1.007E+01.06940.089 4045.35550.73-.004409       4 0 0 14       3 0 0 04                    P 29e     3666632432 9 9 711    57.0   59.0
 23 3589.483594 2.016E-30 6.004E-02.06110.067 3042.67410.70-.005406       1 2 2 11       1 0 0 01                    P 67e     3655532432 9 9 711   133.0  135.0
 21 3589.497481 8.014E-30 5.615E+00.04550.060 5092.87690.54-.006316       1 0 0 11       0 0 0 01                    P114e     3744432429 9 9 711   227.0  229.0
 24 3589.502152 5.858E-30 1.483E-03.07200.096 1489.43020.71-.002721       3 1 1 01       0 2 2 01                    R 20e     3666632432 9 9 711   258.0  246.0
 22 3589.503119 4.570E-25 1.583E+01.06800.084 1888.95320.74-.004578       2 0 0 11       1 0 0 01                    P 36e     3766632431 9 9 711   142.0  146.0
 22 3589.511710 6.250E-30 2.412E+01.07660.104 4080.83640.68-.002971       4 0 0 12       3 0 0 02                    R 12e     3666632431 9 9 711    54.0   50.0
 21 3589.518505 4.073E-30 3.505E-04.08010.109 2707.09040.68-.003176       2 5 5 01       0 4 4 01                    P  9f     3666632429 9 9 711    17.0   19.0
 24 3589.524149 5.451E-30 1.344E-03.07250.097 1474.23360.71-.002658       3 1 1 01       0 2 2 01                    R 19f     3666632432 9 9 711   246.0  234.0
 22 3589.530145 7.290E-30 1.219E-03.07740.105 1998.13060.68-.002074       3 2 2 01       0 3 3 01                    R 11e     3666632431 9 9 711    50.0   46.0
 21 3589.540214 6.409E-27 1.352E+01.06490.072 3743.76210.73-.005340       3 0 0 13       2 0 0 02                    R 52e     3655532429 9 9 711   107.0  105.0
 21 3589.549584 1.272E-27 2.912E-03.07460.101 2097.40870.69-.002424       2 4 4 01       0 3 3 01                    R 15e     3666632429 9 9 711    33.0   31.0
 21 3589.571367 9.126E-26 6.054E-02.06680.078 2042.03130.75-.003832       2 3 3 01       0 2 2 01                    R 42e     3665632429 9 9 711    87.0   85.0
 24 3589.582438 2.918E-26 6.120E+00.06530.073 1630.43300.74-.005259       1 1 1 12       0 1 1 01                    R 50e     3755532432 9 9 711   618.0  606.0
 22 3589.585368 3.150E-30 7.480E+00.06550.074 4248.17020.74-.004930       1 5 5 11       0 5 5 01                    P 50f     3655532431 9 9 711   198.0  202.0
 22 3589.606597 1.340E-30 1.694E+01.08010.109 4229.75250.68-.003893       1 3 3 21       0 3 3 11                    P  9f     3666632431 9 9 711    34.0   38.0
 24 3589.620097 7.538E-29 1.140E+01.06050.066 3045.94270.69-.005910       2 0 0 13       1 0 0 02                    R 68e     4755532432 9 9 711   834.0  822.0
 23 3589.621121 1.693E-28 1.350E-03.06750.081 1237.95880.75-.004699       0 3 3 11       0 1 1 01                    P 39f     3666632432 9 9 711    77.0   79.0
 23 3589.621374 2.497E-30 5.879E+00.05150.063 4014.01040.60-.005967       1 1 1 11       0 1 1 01                    P 95e     0744432432 9 9 711   189.0  191.0
 22 3589.622609 2.250E-30 3.184E+01.07660.104 4348.08810.68-.002971       2 1 1 21       1 1 1 11                    R 12e     3666632431 9 9 711    54.0   50.0
 21 3589.645033 2.578E-26 6.602E+00.06400.070 3324.76130.72-.005495       2 1 1 12       1 1 1 01                    R 56f     4655532429 9 9 711   115.0  113.0
 21 3589.647576 3.151E-29 5.494E-03.06830.085 3134.53160.74-.004574       2 2 2 12       2 0 0 02                    P 34e     3666632429 9 9 711    67.0   69.0
 23 3589.651845 1.699E-28 1.517E-03.06730.080 1266.55630.75-.004724       0 3 3 11       0 1 1 01                    P 40e     3666632432 9 9 711    79.0   81.0
 21 3589.654270 4.160E-25 5.353E+00.06320.069 2719.90290.72-.005605       1 2 2 12       0 2 2 01                    R 59f     4755532429 9 9 711   121.0  119.0
 23 3589.654772 2.524E-30 1.370E+01.06470.071 4068.86230.73-.005031       1 1 1 21       0 1 1 11                    P 54f     3655532432 9 9 711   107.0  109.0
 21 3589.660347 1.229E-30 7.478E-03.06450.071 3965.47850.73-.005107       1 4 4 11       1 2 2 01                    P 55f     3655532429 9 9 711   109.0  111.0
 24 3589.665514 1.506E-30 2.158E-02.06920.088 2391.68760.74-.003217       4 0 0 01       1 1 1 01                    R 29e     3666632432 9 9 711   366.0  354.0
 21 3589.676778 2.090E-27 3.604E-05.06730.080 1276.44760.75-.003666       3 0 0 01       0 1 1 01                    R 39e     3366632430 9 9 711    81.0   79.0
 24 3589.682748 2.991E-27 7.881E+00.06650.077 2125.58740.74-.004999       2 0 0 12       1 0 0 01                    R 44e     3765632432 9 9 711   546.0  534.0
 21 3589.685440 4.588E-27 1.407E-02.06110.067 2444.32380.70-.005406       0 3 3 11       0 1 1 01                    P 67e     3655532429 9 9 711   133.0  135.0
 22 3589.705811 3.190E-29 1.820E+01.08010.109 3592.29600.68-.003893       1 2 2 21       0 2 2 11                    P  9e     3666632431 9 9 711    34.0   38.0
 21 3589.707992 6.049E-29 3.597E-02.06570.074 3467.25980.74-.005225       2 2 2 13       2 0 0 03                    R 48e     3665632429 9 9 711    99.0   97.0
 21 3589.714640 2.565E-27 2.023E-04.07460.101 1391.60780.69-.004144       1 2 2 12       1 0 0 02                    P 16e     3666632429 9 9 711    31.0   33.0
 21 3589.716584 4.479E-30 2.411E-02.06710.080 3884.17860.75-.003753       3 4 4 02       1 3 3 02                    R 40f     3666632429 9 9 711    83.0   81.0
 21 3589.718141 1.967E-29 1.633E-06.07250.097 1449.38310.71-.003376       2 3 3 01       1 0 0 02                    P 20e     3666632429 9 9 711    39.0   41.0
 22 3589.725196 4.480E-28 1.625E+01.06730.080 3341.44420.75-.004678       2 2 2 11       1 2 2 01                    P 40e     3666632431 9 9 711   158.0  162.0
 23 3589.742676 1.550E-30 8.989E+00.06550.074 4066.42800.74-.004930       3 1 1 13       2 1 1 03                    P 50e     3655532432 9 9 711    99.0  101.0
 24 3589.749604 3.152E-24 8.297E+00.09030.123    2.27170.69-.003216       1 0 0 12       0 0 0 01                    P  2e     3766632432 9 9 711    18.0   30.0
 21 3589.761189 2.827E-30 8.002E-03.07400.100 3562.22070.70-.003302       3 4 4 01       1 3 3 01                    P 17e     3666632429 9 9 711    33.0   35.0
 22 3589.782793 1.590E-28 9.802E-03.06260.068 2123.83470.71-.005730       0 3 3 11       0 1 1 01                    R 61e     3655532431 9 9 711   250.0  246.0
 21 3589.789307 2.642E-29 1.002E+01.05390.063 4915.30060.62-.006444       2 1 1 13       1 1 1 02                    R 87e     3555532433 9 9 711   177.0  175.0
 21 3589.792719 3.291E-30 9.699E-02.06680.078 4238.86550.75-.003630       5 0 0 01       2 1 1 01                    P 43e     3665632429 9 9 711    85.0   87.0
 22 3589.795810 4.280E-30 2.613E-02.06990.091 2892.72080.73-.003386       3 3 3 01       0 4 4 01                    P 27f     3666632431 9 9 711   106.0  110.0
 21 3589.805157 1.150E-30 1.067E-01.05950.066 4584.64630.68-.004726       3 3 3 02       1 2 2 02                    R 71f     3655532429 9 9 711   145.0  143.0
 23 3589.819436 2.308E-28 1.279E+01.06650.077 3087.74840.74-.004803       1 0 0 21       0 0 0 11                    P 45e     3665632432 9 9 711    89.0   91.0
 24 3589.821060 3.441E-26 6.167E+00.06550.074 1594.01480.74-.005217       1 1 1 12       0 1 1 01                    R 49f     4765632432 9 9 711   606.0  594.0
 22 3589.838692 1.710E-30 7.657E+00.06810.084 4304.37720.74-.004554       2 4 4 12       1 4 4 02                    P 35f     3666632431 9 9 711   138.0  142.0
 24 3589.839890 1.386E-29 5.062E-03.06490.072 1748.47610.73-.005056       0 3 3 11       0 1 1 01                    P 53e     3655532432 9 9 711   630.0  642.0
 22 3589.846729 5.520E-23 9.248E+00.06630.076  843.07000.74-.004829       1 0 0 11       0 0 0 01                    P 46e     3765632431 9 9 711   182.0  186.0
 22 3589.851958 2.350E-26 8.638E+00.06470.071 2459.18390.73-.005031       1 2 2 11       0 2 2 01                    P 54e     4755532431 9 9 711   214.0  218.0
 23 3589.857411 6.740E-30 1.926E+01.07660.104 3637.62200.68-.004029       2 0 0 22       1 0 0 12                    P 13e     3666632432 9 9 711    25.0   27.0
 24 3589.870084 1.127E-30 1.307E-03.06750.081 1922.36620.75-.004699       0 4 4 11       0 2 2 01                    P 39f     3666632432 9 9 711   462.0  474.0
 24 3589.874639 1.128E-30 1.308E-03.06750.081 1922.36160.75-.004699       0 4 4 11       0 2 2 01                    P 39e     3666632432 9 9 711   462.0  474.0
 22 3589.876356 2.640E-30 1.849E+01.07590.103 4218.05000.68-.003065       2 1 1 22       1 1 1 12                    R 13f     3666632431 9 9 711    58.0   54.0
 22 3589.895766 1.870E-29 1.494E+01.06750.081 3972.36180.75-.004653       2 3 3 11       1 3 3 01                    P 39e     3666632431 9 9 711   154.0  158.0
 22 3589.900942 1.520E-28 1.841E+01.07520.102 3383.28980.69-.004083       3 1 1 12       2 1 1 02                    P 15e     3666632431 9 9 711    58.0   62.0
 22 3589.901327 1.370E-29 5.320E-02.06530.073 2932.32240.74-.003818       3 2 2 01       1 1 1 02                    P 51e     3655532431 9 9 711   202.0  206.0
 23 3589.913881 6.768E-30 1.310E+01.06370.070 3871.39650.72-.005130       3 0 0 12       2 0 0 02                    P 58e     3655532432 9 9 711   115.0  117.0
 22 3589.917131 6.270E-30 5.150E-02.06970.090 2961.40430.73-.003441       4 1 1 01       2 0 0 02                    P 28e     3366632430 9 9 711   110.0  114.0
 21 3589.918507 6.602E-30 1.184E-03.08470.116 2768.55590.69-.001359       3 3 3 01       1 2 2 01                    R  4e     3666632429 9 9 711    11.0    9.0
 21 3589.932320 2.237E-28 1.027E+01.05640.064 4464.08900.65-.006262       2 1 1 13       1 1 1 02                    R 80f     3555532433 9 9 711   163.0  161.0
 23 3589.944720 1.417E-30 1.748E+01.07120.095 4059.47420.72-.004271       4 0 0 13       3 0 0 03                    P 23e     3666632432 9 9 711    45.0   47.0
 22 3589.947138 8.130E-25 8.784E+00.06510.072 1725.71450.74-.004980       1 1 1 11       0 1 1 01                    P 52f     4755532431 9 9 711   206.0  210.0
 23 3589.952717 2.119E-30 7.750E-03.06350.069 2588.31060.72-.004322       3 1 1 01       0 2 2 01                    R 58e     3655532432 9 9 711   119.0  117.0
 22 3589.955737 5.480E-30 1.520E-02.07120.095 2705.66380.72-.002880       4 1 1 02       2 0 0 03                    R 22e     3666632431 9 9 711    94.0   90.0
 23 3589.960072 9.130E-30 2.907E-04.07350.099 1372.05750.70-.003444       1 2 2 12       1 0 0 02                    R 17e     3666632432 9 9 711    37.0   35.0
 23 3589.966549 6.582E-23 7.132E+00.06940.089  298.88760.73-.004163       1 0 0 12       0 0 0 01                    R 28e     3766632432 9 9 711    59.0   57.0
 23 3589.967284 1.524E-30 8.957E+00.06550.074 4069.14070.74-.004930       3 1 1 13       2 1 1 03                    P 50f     3655532432 9 9 711    99.0  101.0
 22 3589.968244 8.350E-28 9.319E+00.06780.083 3082.69600.74-.004603       2 2 2 12       1 2 2 02                    P 37f     3666632431 9 9 711   146.0  150.0
 21 3589.969932 7.550E-27 1.160E-02.06210.068 2292.64530.71-.005332       0 3 3 11       0 1 1 01                    P 64f     3655532429 9 9 711   127.0  129.0
 23 3589.975362 5.912E-30 6.164E-03.06510.072 2304.36490.74-.004105       3 1 1 01       0 2 2 01                    R 51f     3655532432 9 9 711   105.0  103.0
 23 3589.978486 3.061E-30 1.388E+01.06490.072 4027.84950.73-.005005       1 1 1 21       0 1 1 11                    P 53e     3655532432 9 9 711   105.0  107.0
 22 3589.980395 5.730E-29 1.935E+01.07460.101 3620.85810.69-.003242       2 0 0 22       1 0 0 12                    R 15e     3666632431 9 9 711    66.0   62.0
 23 3589.981627 1.210E-30 5.690E+00.05090.062 4160.61760.59-.006006       1 1 1 11       0 1 1 01                    P 97f     0744432432 9 9 711   193.0  195.0
 24 3589.996533 2.496E-30 1.388E+01.06290.069 3758.85700.71-.005205       1 0 0 21       0 0 0 11                    P 61e     3655532432 9 9 711   726.0  738.0
 21 3590.008108 3.546E-30 2.434E-04.09490.127 2077.63660.69-.002180       4 0 0 01       1 1 1 01                    P  1e     3666632429 9 9 711     1.0    3.0
 24 3590.015849 5.960E-29 1.145E+01.06020.066 3098.01280.69-.005941       2 0 0 13       1 0 0 02                    R 69e     4755532432 9 9 711   846.0  834.0
 22 3590.016299 2.810E-30 2.242E+01.07090.094 4344.22080.72-.004293       3 2 2 11       2 2 2 01                    P 24e     3666632431 9 9 711    94.0   98.0
 21 3590.023486 2.354E-30 8.866E-03.07520.102 3594.35860.69-.003277       4 2 2 01       2 1 1 01                    P 15e     3666632429 9 9 711    29.0   31.0
 24 3590.031010 2.472E-26 6.137E+00.06510.072 1669.02670.74-.005299       1 1 1 12       0 1 1 01                    R 51e     4755532432 9 9 711   630.0  618.0
 21 3590.031550 1.379E-21 4.972E+00.07660.104  728.41230.68-.002971       1 1 1 12       0 1 1 01                    R 12f     4766632429 9 9 711    27.0   25.0
 23 3590.058683 7.373E-30 7.687E+00.05980.066 3786.09300.68-.005445       2 1 1 12       1 1 1 02                    P 71f     3655532432 9 9 711   141.0  143.0
 21 3590.060848 1.172E-27 4.795E-03.06490.072 2454.95160.73-.005056       0 4 4 11       0 2 2 01                    P 53f     3655532429 9 9 711   105.0  107.0
 22 3590.067564 4.950E-29 8.474E+00.06490.072 3719.20770.73-.005005       1 4 4 11       0 4 4 01                    P 53f     3655532431 9 9 711   210.0  214.0
 24 3590.067874 1.643E-29 4.272E-03.06530.073 1670.56490.74-.005005       0 3 3 11       0 1 1 01                    P 51f     3655532432 9 9 711   606.0  618.0
 21 3590.070525 1.072E-29 9.848E+00.05680.064 5075.28110.65-.005651       3 0 0 13       2 0 0 03                    P 80e     3655532429 9 9 711   159.0  161.0
 22 3590.076741 7.450E-29 1.448E-02.06110.067 2375.90260.70-.005901       0 3 3 11       0 1 1 01                    R 66f     3655532431 9 9 711   270.0  266.0
 22 3590.078315 1.280E-26 1.616E+01.06750.081 2645.26290.75-.004653       2 1 1 11       1 1 1 01                    P 39e     3666632431 9 9 711   154.0  158.0
 22 3590.081197 6.340E-30 1.779E+01.07460.101 4043.54440.69-.004108       3 2 2 12       2 2 2 02                    P 16e     3666632431 9 9 711    62.0   66.0
 23 3590.082821 3.200E-30 1.968E-04.07050.093 1565.31030.72-.004357       0 4 4 11       0 2 2 01                    P 25f     3366632430 9 9 711    49.0   51.0
 21 3590.082851 7.284E-27 7.345E-04.07400.100 1454.96860.70-.003265       3 1 1 01       0 2 2 01                    P 17f     3666632429 9 9 711    33.0   35.0
 23 3590.084073 3.200E-30 1.968E-04.07050.093 1565.30900.72-.004357       0 4 4 11       0 2 2 01                    P 25e     3366632430 9 9 711    49.0   51.0
 24 3590.089188 7.456E-30 8.709E+00.05820.065 3483.46400.67-.005561       2 0 0 12       1 0 0 02                    P 76e     3755532432 9 9 711   906.0  918.0
 21 3590.092637 1.619E-30 1.595E-04.06990.091 2968.80300.73-.004404       0 6 6 11       0 4 4 01                    P 27f     3666632429 9 9 711    53.0   55.0
 24 3590.093046 2.594E-27 7.894E+00.06630.076 2159.63840.74-.005044       2 0 0 12       1 0 0 01                    R 45e     3765632432 9 9 711   558.0  546.0
 24 3590.095522 2.298E-30 3.361E-02.06400.070 2522.67390.72-.003926       3 1 1 01       1 0 0 02                    P 57e     3655532432 9 9 711   678.0  690.0
 21 3590.104595 1.119E-28 1.486E+01.05780.065 4669.51860.66-.005584       1 0 0 21       0 0 0 11                    P 77e     3655532429 9 9 711   153.0  155.0
 22 3590.106334 9.880E-28 8.600E+00.06470.071 3110.22200.73-.005031       1 3 3 11       0 3 3 01                    P 54f     3655532431 9 9 711   214.0  218.0
 22 3590.109408 1.310E-28 2.042E-03.06940.089 1686.43370.73-.004206       1 2 2 11       1 0 0 01                    R 28e     3666632431 9 9 711   118.0  114.0
 23 3590.109507 8.052E-29 6.881E-03.06830.085 1697.29650.74-.003530       3 1 1 01       1 0 0 02                    P 34e     3666632432 9 9 711    67.0   69.0
 21 3590.115700 1.543E-29 4.920E-02.06870.087 3726.13570.74-.003314       5 0 0 02       2 1 1 02                    R 31e     3666632429 9 9 711    65.0   63.0
 21 3590.115938 6.429E-23 8.695E+00.06890.088 1648.42100.74-.004282       2 0 0 13       1 0 0 02                    R 30e     4766632429 9 9 711    63.0   61.0
 22 3590.122985 3.200E-30 2.473E+01.07460.101 4251.97240.69-.004108       4 0 0 11       3 0 0 01                    P 16e     3666632431 9 9 711    62.0   66.0
 21 3590.124083 6.058E-30 1.256E-05.07820.107 1984.04590.68-.004000       1 3 3 12       1 1 1 02                    P 11e     3666632429 9 9 711    21.0   23.0
 22 3590.125905 5.370E-28 1.955E+01.08340.114 2936.52060.68-.003740       1 1 1 21       0 1 1 11                    P  6e     3666632431 9 9 711    22.0   26.0
 21 3590.132927 1.408E-26 6.530E+00.06320.069 3457.33290.72-.005605       2 1 1 12       1 1 1 01                    R 59e     4655532429 9 9 711   121.0  119.0
 23 3590.132983 2.122E-27 8.415E+00.06320.069 2604.92880.72-.005180       2 0 0 12       1 0 0 02                    P 60e     4755532432 9 9 711   119.0  121.0
 22 3590.136322 4.110E-29 9.130E+00.06800.084 3692.30090.74-.004578       2 3 3 12       1 3 3 02                    P 36f     3666632431 9 9 711   142.0  146.0
 21 3590.142675 6.317E-29 3.916E-02.06590.075 3467.25980.74-.003765       4 1 1 02       2 0 0 03                    P 48e     3665632429 9 9 711    95.0   97.0
 21 3590.145891 5.613E-28 1.984E-01.06260.068 3408.13550.71-.004409       4 0 0 02       1 1 1 02                    R 61e     3655532429 9 9 711   125.0  123.0
 21 3590.173407 9.483E-29 8.080E+00.05260.063 4615.01080.61-.005906       2 0 0 12       1 0 0 02                    P 92e     3744432429 9 9 711   183.0  185.0
 22 3590.182914 2.640E-29 6.245E-02.06590.075 2817.70940.74-.003765       3 2 2 01       1 1 1 02                    P 48f     3665632431 9 9 711   190.0  194.0
 22 3590.189818 7.010E-29 2.342E+01.07020.092 3708.15640.73-.004339       3 1 1 11       2 1 1 01                    P 26f     3366632430 9 9 711   102.0  106.0
 23 3590.191554 9.694E-30 7.807E+00.06020.066 3730.03290.69-.005422       2 1 1 12       1 1 1 02                    P 70e     3655532432 9 9 711   139.0  141.0
 22 3590.192615 9.100E-30 1.020E+01.07740.105 3793.29270.68-.003999       4 0 0 14       3 0 0 04                    P 12e     3666632431 9 9 711    46.0   50.0
 22 3590.193612 2.790E-30 1.567E+00.06800.084 3883.10880.74-.005595       1 2 2 22       1 3 3 01                    P 36f     3666632431 9 9 711   142.0  146.0
